0.6931471805599453	0.6616049125500667	0.8274595181675394	
1.3862943611198906	1.4569518571073061	1.7486888479802323	
2.0794415416798357	2.4597872405659014	2.7010614525148617	
2.772588722239781	3.6541181561102327	3.571635379310987	
3.4657359027997265	4.42961795121828	4.322790573486737	
4.1588830833596715	5.305910871570861	4.87286267912461	
4.852030263919617	4.582792772853458	5.902832817036195	
5.545177444479562	7.268359989255272	6.094823430007213	
6.238324625039508	5.475239087283781	5.620241804063995	
6.931471805599453			
