0.6931471805599453	0.8760002627359196	0.7699230193619949	
1.3862943611198906	1.6474156142982515	1.596644635494942	
2.0794415416798357	2.5813989731172486	2.576782728138307	
2.772588722239781	3.615579878395119	3.611958929455664	
3.4657359027997265	4.613080658206831	4.863524465446539	
4.1588830833596715	5.351533809066158	5.652774263731018	
4.852030263919617	5.498562162811298	5.247849344340896	
5.545177444479562	6.576739252103005	5.842326701887795	
6.238324625039508	5.778402918215775	7.349829468637569	
6.931471805599453	7.707698077595776	7.6636094443136376	
7.6246189861593985			
