0.6931471805599453	0.7862203145876139	0.8224476353766471	
1.3862943611198906	1.5796552061517373	1.6327629420180223	
2.0794415416798357	2.578983236252877	2.614674523903268	
2.772588722239781	3.557976196069875	3.650270290856243	
3.4657359027997265	4.615186010929426	4.631395775889651	
4.1588830833596715	5.320285975709109	5.638240441113771	
4.852030263919617	6.014526020509557	6.370513498554528	
5.545177444479562	6.685848398329929	6.3180199004247575	
6.238324625039508	7.262996517808414	7.276224514387952	
6.931471805599453			
