0.6931471805599453	0.6943464611354275	0.9244176190857634	
1.3862943611198906	1.5797623912666001	1.7336872866656683	
2.0794415416798357	2.5835039603006176	2.634969811765759	
2.772588722239781	3.5341301843782946	3.7660972294926256	
3.4657359027997265	4.471562906540432	4.180540519364284	
4.1588830833596715	4.9998845462941235	4.983644905242641	
4.852030263919617	4.811743614226156	5.7433203870828695	
5.545177444479562	4.376877787533538	4.226075173926104	
6.238324625039508	4.765886680197801	6.233641803424012	
6.931471805599453			
