0.6931471805599453	0.7549945838860256	0.8413947570201484	
1.3862943611198906	1.4994030471275521	1.6464257893517003	
2.0794415416798357	2.594398049363007	2.581479874904173	
2.772588722239781	3.6512861051443384	3.690964879130271	
3.4657359027997265	4.162444542546045	4.724667005752805	
4.1588830833596715	4.764247265185715	5.949779105245125	
4.852030263919617	5.032808490487634	6.890171244118883	
5.545177444479562	5.885798196846355	5.076342307079211	
6.238324625039508	6.002063718725978	4.348158252720873	
6.931471805599453			
