   5100 1.01928
   5200 0.88940
   5300 1.07710
   5400 0.99713
   5500 1.03135
   5600 1.02278
   5700 1.13365
   5800 0.97641
   5900 0.92024
   6000 0.91683
   6100 0.93832
   6200 0.83029
   6300 1.02940
   6400 0.93618
   6500 1.01766
   6600 0.95933
   6700 1.11812
   6800 1.05724
   6900 1.01083
   7000 1.11888
   7100 0.92586
   7200 1.06370
   7300 0.99397
   7400 1.03631
   7500 0.82530
   7600 1.03201
   7700 0.97935
   7800 1.03709
   7900 1.09771
   8000 0.94586
   8100 1.10904
   8200 0.93741
   8300 1.14136
   8400 0.97080
   8500 0.89043
   8600 0.93370
   8700 0.99065
   8800 0.97397
   8900 1.22555
   9000 0.94129
   9100 1.00160
   9200 1.05661
   9300 0.95726
   9400 0.96773
   9500 1.02185
   9600 1.13048
   9700 1.04162
   9800 0.86647
   9900 0.88952
  10000 1.00480
  10100 1.07845
  10200 0.88418
  10300 1.00154
  10400 1.16407
  10500 0.93279
  10600 1.01953
  10700 1.02056
  10800 0.91563
  10900 0.94376
  11000 1.10651
  11100 0.97853
  11200 0.99664
  11300 1.02802
  11400 0.95153
  11500 0.89889
  11600 1.03053
  11700 1.14118
  11800 1.06776
  11900 0.96206
  12000 0.91657
  12100 0.99243
  12200 1.06367
  12300 1.15680
  12400 1.06744
  12500 0.98514
  12600 0.99196
  12700 0.90284
  12800 1.09823
  12900 0.90817
  13000 0.97338
  13100 0.93180
  13200 1.04331
  13300 1.03976
  13400 1.02720
  13500 0.99536
  13600 1.20555
  13700 1.06745
  13800 0.99393
  13900 1.07605
  14000 1.07568
  14100 1.12750
  14200 0.92322
  14300 1.14728
  14400 0.97377
  14500 1.01054
  14600 0.98266
  14700 1.11440
  14800 1.00057
  14900 0.96870
  15000 0.99251
  15100 0.99096
  15200 0.95681
  15300 1.03507
  15400 1.02879
  15500 1.05402
  15600 0.97986
  15700 0.94662
  15800 1.04211
  15900 1.01571
  16000 1.01995
  16100 1.06006
  16200 1.17448
  16300 1.07187
  16400 0.97743
  16500 1.03835
  16600 0.91192
  16700 1.02689
  16800 0.92116
  16900 1.06497
  17000 0.90117
  17100 0.95385
  17200 0.94151
  17300 1.02276
  17400 1.00560
  17500 1.03389
  17600 1.04170
  17700 1.03578
  17800 0.82917
  17900 1.00864
  18000 0.95069
  18100 1.03397
  18200 0.86312
  18300 0.96168
  18400 0.96349
  18500 1.04428
  18600 1.00432
  18700 1.07364
  18800 0.99354
  18900 0.98006
  19000 0.94824
  19100 1.12211
  19200 0.91434
  19300 0.89456
  19400 1.00380
  19500 0.92522
  19600 0.93564
  19700 0.90951
  19800 1.15521
  19900 1.04381
  20000 1.00032
  20100 1.18956
  20200 1.04734
  20300 1.12289
  20400 0.89688
  20500 0.91430
  20600 1.03382
  20700 0.90634
  20800 1.04495
  20900 1.04285
  21000 0.96860
  21100 1.10840
  21200 1.07380
  21300 1.00307
  21400 1.01371
  21500 0.99223
  21600 1.08553
  21700 0.95450
  21800 0.92313
  21900 0.96727
  22000 0.95441
  22100 0.95908
  22200 1.14872
  22300 0.88374
  22400 1.01215
  22500 1.04591
  22600 1.08097
  22700 1.04356
  22800 0.97076
  22900 0.94363
  23000 1.09667
  23100 1.06070
  23200 1.09900
  23300 0.92819
  23400 1.04671
  23500 0.97251
  23600 0.97499
  23700 1.04685
  23800 1.02157
  23900 0.97755
  24000 1.02602
  24100 0.97513
  24200 1.16065
  24300 0.96291
  24400 1.09429
  24500 1.06915
  24600 1.07125
  24700 0.94725
  24800 0.96244
  24900 0.91788
  25000 0.89371
  25100 1.03386
  25200 1.04379
  25300 1.24411
  25400 0.86355
  25500 0.94216
  25600 0.92175
  25700 1.08213
  25800 0.97772
  25900 1.03287
  26000 1.03320
  26100 0.96748
  26200 0.98395
  26300 1.04156
  26400 1.00335
  26500 0.91952
  26600 0.77830
  26700 1.14136
  26800 0.89265
  26900 0.99407
  27000 1.07180
  27100 1.02629
  27200 1.12112
  27300 0.95860
  27400 1.05638
  27500 0.98283
  27600 0.77295
  27700 1.01974
  27800 0.89860
  27900 0.98499
  28000 0.89287
  28100 1.06599
  28200 0.96557
  28300 1.13308
  28400 0.88454
  28500 0.97424
  28600 1.00405
  28700 1.02557
  28800 1.01054
  28900 1.00688
  29000 0.93712
  29100 0.85795
  29200 0.93555
  29300 1.02168
  29400 0.94669
  29500 0.96013
  29600 0.96191
  29700 1.10236
  29800 1.04073
  29900 1.06984
  30000 0.87306
  30100 0.95222
  30200 1.27325
  30300 0.88371
  30400 0.88561
  30500 0.98841
  30600 1.05229
  30700 1.10165
  30800 0.97123
  30900 0.93304
  31000 1.04841
  31100 1.01964
  31200 1.05601
  31300 1.09245
  31400 1.12592
  31500 0.85612
  31600 0.97440
  31700 0.89947
  31800 0.95296
  31900 0.88996
  32000 1.00724
  32100 1.02520
  32200 1.06144
  32300 0.96236
  32400 0.93663
  32500 1.05622
  32600 1.06406
  32700 0.89796
  32800 0.94269
  32900 0.98544
  33000 1.03191
  33100 1.05237
  33200 0.94589
  33300 0.92413
  33400 1.07266
  33500 0.85528
  33600 1.07973
  33700 0.97211
  33800 0.91195
  33900 1.14880
  34000 0.88421
  34100 0.95305
  34200 0.91984
  34300 0.99547
  34400 1.22509
  34500 0.99458
  34600 1.11810
  34700 0.92818
  34800 1.01428
  34900 1.03410
  35000 0.99223
  35100 0.96461
  35200 1.09752
  35300 1.03225
  35400 1.09113
  35500 0.88308
  35600 1.10539
  35700 0.87095
  35800 0.97036
  35900 0.90679
  36000 1.02543
  36100 1.12182
  36200 0.93247
  36300 0.88862
  36400 0.99406
  36500 1.04967
  36600 0.89038
  36700 1.08241
  36800 1.08146
  36900 0.84442
  37000 1.02787
  37100 0.95747
  37200 0.92500
  37300 1.03135
  37400 1.05215
  37500 0.99210
  37600 1.06558
  37700 0.97977
  37800 1.15831
  37900 1.07768
  38000 0.92485
  38100 1.01706
  38200 1.03219
  38300 0.97474
  38400 1.16566
  38500 1.02409
  38600 1.02593
  38700 1.02285
  38800 0.96407
  38900 1.04642
  39000 0.98512
  39100 1.00397
  39200 1.08091
  39300 1.16738
  39400 1.08256
  39500 1.04354
  39600 1.12751
  39700 1.15083
  39800 0.89707
  39900 0.95612
  40000 1.10868
  40100 1.03362
  40200 0.92756
  40300 1.13072
  40400 0.86507
  40500 0.92782
  40600 0.90423
  40700 1.00508
  40800 0.90839
  40900 1.00789
  41000 0.98119
  41100 1.04303
  41200 1.14486
  41300 1.02517
  41400 1.04313
  41500 1.08110
  41600 0.99699
  41700 1.02726
  41800 1.03289
  41900 0.83455
  42000 0.97796
  42100 1.02616
  42200 1.05670
  42300 1.08871
  42400 1.01891
  42500 0.97091
  42600 0.90877
  42700 1.07333
  42800 0.98769
  42900 1.10307
  43000 0.81589
  43100 0.97286
  43200 1.01250
  43300 1.09714
  43400 0.89924
  43500 1.03927
  43600 0.91920
  43700 0.91831
  43800 0.96832
  43900 0.91167
  44000 0.96514
  44100 1.01037
  44200 0.96113
  44300 0.97306
  44400 1.09046
  44500 1.04457
  44600 0.96387
  44700 1.01515
  44800 0.89475
  44900 1.01381
  45000 1.10027
  45100 0.97223
  45200 0.97401
  45300 1.02073
  45400 1.12348
  45500 0.88527
  45600 1.15974
  45700 1.01603
  45800 1.04153
  45900 0.98969
  46000 1.05137
  46100 1.10333
  46200 0.93516
  46300 0.87826
  46400 0.87451
  46500 0.89909
  46600 1.07163
  46700 0.99828
  46800 1.03029
  46900 1.06857
  47000 1.03879
  47100 1.00894
  47200 0.86051
  47300 0.97813
  47400 1.09655
  47500 1.17046
  47600 1.03474
  47700 1.16304
  47800 1.06843
  47900 1.06747
  48000 0.91402
  48100 1.04539
  48200 1.06850
  48300 1.12970
  48400 0.97165
  48500 1.00756
  48600 0.95356
  48700 1.09825
  48800 1.07900
  48900 0.96980
  49000 1.07769
  49100 1.14064
  49200 1.17340
  49300 1.00428
  49400 1.05072
  49500 0.89389
  49600 0.90974
  49700 0.93090
  49800 0.98434
  49900 0.97602
  50000 1.18182
  50100 1.04937
  50200 0.91903
  50300 1.18124
  50400 1.05502
  50500 1.10576
  50600 0.96161
  50700 1.14671
  50800 0.99215
  50900 0.94861
  51000 1.08908
  51100 0.90411
  51200 0.98616
  51300 0.98984
  51400 1.06934
  51500 1.14532
  51600 1.07286
  51700 1.06387
  51800 1.08232
  51900 1.13857
  52000 0.94698
  52100 0.98722
  52200 1.22394
  52300 0.90134
  52400 1.13106
  52500 1.08653
  52600 1.00555
  52700 0.90919
  52800 0.89792
  52900 0.93672
  53000 0.88183
  53100 1.06536
  53200 1.01837
  53300 0.96381
  53400 1.04124
  53500 1.08088
  53600 0.87024
  53700 1.02250
  53800 1.06447
  53900 1.01764
  54000 0.99652
  54100 1.05147
  54200 0.97895
  54300 1.09799
  54400 1.09351
  54500 1.07626
  54600 1.00282
  54700 0.99065
  54800 1.00897
  54900 1.04177
  55000 1.06718
  55100 1.06248
  55200 1.02182
  55300 1.03663
  55400 1.05856
  55500 1.08429
  55600 1.09314
  55700 0.95878
  55800 1.07455
  55900 1.07863
  56000 0.80523
  56100 1.10266
  56200 1.07559
  56300 0.93751
  56400 0.94597
  56500 0.95023
  56600 0.93820
  56700 0.81065
  56800 1.06138
  56900 0.94783
  57000 0.94552
  57100 0.98745
  57200 0.92199
  57300 0.95993
  57400 0.99335
  57500 0.84708
  57600 1.08365
  57700 1.01508
  57800 1.16457
  57900 0.89160
  58000 1.07929
  58100 0.91510
  58200 0.95854
  58300 0.99222
  58400 1.02892
  58500 0.93102
  58600 1.12215
  58700 1.00116
  58800 0.93844
  58900 0.89579
  59000 0.88592
  59100 1.05827
  59200 1.00740
  59300 1.02860
  59400 1.00975
  59500 1.01612
  59600 0.98043
  59700 0.95925
  59800 1.06956
  59900 0.96429
  60000 0.93077
  60100 1.10018
  60200 0.95605
  60300 1.13879
  60400 0.93410
  60500 1.04142
  60600 1.03338
  60700 0.97275
  60800 0.97822
  60900 1.13011
  61000 0.99885
  61100 0.84932
  61200 0.85019
  61300 1.00249
  61400 0.98939
  61500 1.02592
  61600 0.86874
  61700 1.03891
  61800 1.05811
  61900 0.93528
  62000 0.87262
  62100 0.99065
  62200 0.93920
  62300 1.04273
  62400 0.94178
  62500 0.89882
  62600 1.11234
  62700 0.99789
  62800 1.00880
  62900 0.97204
  63000 1.03957
  63100 0.94179
  63200 0.94790
  63300 1.07257
  63400 0.93308
  63500 0.87335
  63600 1.05947
  63700 0.91504
  63800 1.13528
  63900 0.95623
  64000 1.00613
  64100 0.93960
  64200 1.03634
  64300 0.91265
  64400 0.99756
  64500 1.04953
  64600 1.00500
  64700 1.08030
  64800 0.95823
  64900 1.11388
  65000 1.08731
  65100 0.98026
  65200 0.98438
  65300 1.00756
  65400 1.17589
  65500 0.96403
  65600 1.01283
  65700 1.05170
  65800 0.96599
  65900 0.97663
  66000 1.08558
  66100 0.94781
  66200 1.03130
  66300 0.93403
  66400 1.13159
  66500 0.93662
  66600 1.21208
  66700 1.01027
  66800 1.04079
  66900 0.88953
  67000 1.07524
  67100 0.92170
  67200 1.11895
  67300 1.04997
  67400 1.09865
  67500 0.85036
  67600 1.01691
  67700 1.00172
  67800 1.02558
  67900 0.90966
  68000 1.10557
  68100 0.99680
  68200 0.81943
  68300 0.92000
  68400 1.04896
  68500 1.06646
  68600 1.03957
  68700 1.06705
  68800 1.00227
  68900 1.03696
  69000 1.10564
  69100 0.98087
  69200 1.00831
  69300 0.92466
  69400 0.97638
  69500 0.92086
  69600 0.92883
  69700 1.09468
  69800 1.06691
  69900 1.02746
  70000 0.92314
  70100 1.05823
  70200 1.08893
  70300 0.99536
  70400 1.03699
  70500 0.96353
  70600 1.02091
  70700 0.99274
  70800 0.92312
  70900 1.04158
  71000 0.90005
  71100 0.88176
  71200 0.93100
  71300 1.00330
  71400 1.08266
  71500 0.95823
  71600 1.02773
  71700 1.11561
  71800 1.06804
  71900 0.99904
  72000 1.04480
  72100 1.07635
  72200 0.85348
  72300 1.05888
  72400 0.97095
  72500 0.92302
  72600 1.03458
  72700 1.02001
  72800 1.04636
  72900 0.94688
  73000 1.03652
  73100 1.02357
  73200 0.99987
  73300 0.93698
  73400 0.93882
  73500 0.96776
  73600 1.02523
  73700 0.98940
  73800 0.92182
  73900 1.13080
  74000 0.95382
  74100 1.09032
  74200 1.01909
  74300 0.92237
  74400 0.98682
  74500 1.02376
  74600 1.08188
  74700 0.96889
  74800 1.03970
  74900 1.01186
  75000 0.93691
  75100 1.02019
  75200 1.00195
  75300 0.88847
  75400 1.11556
  75500 1.10960
  75600 0.86921
  75700 1.01295
  75800 1.02817
  75900 0.89656
  76000 1.00841
  76100 0.92935
  76200 0.91409
  76300 1.04863
  76400 0.97186
  76500 1.06720
  76600 0.99377
  76700 0.96828
  76800 0.96970
  76900 1.03995
  77000 0.88167
  77100 0.84652
  77200 0.98685
  77300 0.94854
  77400 1.01922
  77500 0.96218
  77600 0.96014
  77700 1.08066
  77800 0.99288
  77900 1.05567
  78000 0.93514
  78100 1.10640
  78200 0.96502
  78300 0.91841
  78400 0.91720
  78500 1.03721
  78600 0.90876
  78700 0.90667
  78800 0.95708
  78900 0.95884
  79000 1.02391
  79100 1.03651
  79200 1.02809
  79300 1.05382
  79400 0.93473
  79500 0.86109
  79600 1.00440
  79700 0.96521
  79800 1.05205
  79900 1.15451
  80000 1.09162
  80100 1.07689
  80200 1.11839
  80300 1.09728
  80400 1.01842
  80500 1.11172
  80600 0.95794
  80700 0.92169
  80800 1.12360
  80900 1.01739
  81000 0.99638
  81100 0.94241
  81200 0.98251
  81300 1.05896
  81400 1.04425
  81500 1.07175
  81600 0.92878
  81700 1.11309
  81800 0.89110
  81900 0.94561
  82000 1.12153
  82100 1.12720
  82200 0.88682
  82300 1.16955
  82400 0.94233
  82500 1.04926
  82600 0.89602
  82700 1.05773
  82800 1.06795
  82900 1.02646
  83000 1.02695
  83100 0.98766
  83200 0.96240
  83300 1.04204
  83400 1.04149
  83500 1.01505
  83600 1.02388
  83700 1.08164
  83800 1.06623
  83900 1.03330
  84000 1.06055
  84100 1.02999
  84200 0.90952
  84300 0.89899
  84400 1.03430
  84500 1.09680
  84600 1.03323
  84700 0.89970
  84800 1.03999
  84900 0.94340
  85000 0.92471
  85100 1.00156
  85200 1.00813
  85300 0.92874
  85400 1.03572
  85500 1.00224
  85600 1.02756
  85700 0.99572
  85800 0.99339
  85900 1.06044
  86000 0.92821
  86100 0.98691
  86200 1.12105
  86300 0.99246
  86400 1.03983
  86500 1.08143
  86600 0.96436
  86700 0.90131
  86800 1.11629
  86900 0.98521
  87000 1.03506
  87100 0.92784
  87200 1.00194
  87300 1.09965
  87400 1.02360
  87500 0.91270
  87600 0.93689
  87700 1.11755
  87800 1.03506
  87900 1.04442
  88000 0.91709
  88100 0.91538
  88200 0.90623
  88300 1.05890
  88400 0.88784
  88500 1.02834
  88600 1.00955
  88700 1.07562
  88800 1.01238
  88900 1.05616
  89000 1.03878
  89100 1.12890
  89200 0.89633
  89300 0.87697
  89400 1.02195
  89500 0.91218
  89600 1.08461
  89700 0.89365
  89800 1.14360
  89900 1.04207
  90000 1.10700
  90100 0.89309
  90200 1.06256
  90300 1.16024
  90400 1.07784
  90500 0.85668
  90600 0.96024
  90700 0.92208
  90800 1.02944
  90900 1.08701
  91000 1.03863
  91100 1.07292
  91200 0.98443
  91300 1.06285
  91400 1.11546
  91500 1.00497
  91600 0.86540
  91700 1.17604
  91800 1.20430
  91900 0.90865
  92000 1.00623
  92100 1.05028
  92200 1.02952
  92300 1.00870
  92400 0.85035
  92500 0.82767
  92600 0.99926
  92700 0.91910
  92800 0.95533
  92900 0.99531
  93000 1.18830
  93100 1.05484
  93200 1.14927
  93300 1.09359
  93400 0.99374
  93500 0.95610
  93600 0.98751
  93700 1.08582
  93800 0.94109
  93900 1.11562
  94000 0.99380
  94100 1.05054
  94200 0.98435
  94300 1.04136
  94400 1.06876
  94500 1.05121
  94600 1.02583
  94700 0.93760
  94800 1.15743
  94900 0.95433
  95000 0.96652
  95100 1.09912
  95200 1.09783
  95300 0.94035
  95400 0.93909
  95500 0.95868
  95600 1.02504
  95700 1.01982
  95800 0.95875
  95900 0.92320
  96000 0.88955
  96100 1.16614
  96200 1.02799
  96300 1.05293
  96400 0.93058
  96500 0.88742
  96600 1.14155
  96700 0.93209
  96800 0.99040
  96900 0.93376
  97000 1.03026
  97100 1.00853
  97200 0.90512
  97300 0.91304
  97400 0.99113
  97500 1.05017
  97600 0.90780
  97700 1.04632
  97800 0.97230
  97900 1.18158
  98000 1.02018
  98100 1.06721
  98200 0.94694
  98300 1.11952
  98400 0.96369
  98500 1.05490
  98600 1.06493
  98700 1.02249
  98800 1.08159
  98900 0.99310
  99000 0.99888
  99100 1.12314
  99200 0.92839
  99300 1.00820
  99400 0.93118
  99500 0.97475
  99600 1.20314
  99700 0.93202
  99800 0.95426
  99900 0.99777
 100000 0.94867
 100100 1.05107
 100200 0.94566
 100300 1.15423
 100400 0.99087
 100500 0.92413
 100600 0.89662
 100700 1.14336
 100800 1.03187
 100900 0.97070
 101000 0.85143
 101100 0.88385
 101200 0.96845
 101300 0.87386
 101400 1.02349
 101500 0.93917
 101600 1.03248
 101700 0.91261
 101800 0.86919
 101900 1.01524
 102000 1.01686
 102100 0.95650
 102200 0.91431
 102300 1.01305
 102400 0.95438
 102500 0.89138
 102600 0.98358
 102700 0.96958
 102800 1.12098
 102900 0.99801
 103000 1.01234
 103100 0.98775
 103200 0.99892
 103300 0.97091
 103400 1.07339
 103500 0.99383
 103600 0.90269
 103700 1.04558
 103800 0.90902
 103900 0.94091
 104000 0.95143
 104100 0.99263
 104200 0.98562
 104300 0.96792
 104400 1.07115
 104500 0.96630
 104600 1.06620
 104700 0.89963
 104800 1.00817
 104900 0.88630
 105000 0.96867
