 10000.0      0.0      0.0      0.0
  8705.5   1276.3     18.2      0.5
  7578.6   2352.5     68.9      1.0
  6597.5   3255.4    147.0      1.5
  5743.5   4008.4    248.1      2.0
  5000.0   4631.9    368.1      2.5
  4352.8   5143.4    503.9      3.0
  3789.3   5558.3    652.4      3.5
  3298.8   5889.9    811.3      4.0
  2871.7   6149.9    978.4      4.5
  2500.0   6348.2   1151.8      5.0
  2176.4   6493.7   1329.9      5.5
  1894.6   6593.9   1511.4      6.0
  1649.4   6655.4   1695.2      6.5
  1435.9   6683.9   1880.2      7.0
  1250.0   6684.4   2065.6      7.5
  1088.2   6661.2   2250.6      8.0
   947.3   6617.9   2434.8      8.5
   824.7   6557.9   2617.5      9.0
   717.9   6483.8   2798.3      9.5
   625.0   6398.1   2976.9     10.0
   544.1   6302.9   3153.0     10.5
   473.7   6200.0   3326.3     11.0
   412.3   6090.9   3496.7     11.5
   359.0   5977.0   3664.0     12.0
   312.5   5859.4   3828.1     12.5
   272.0   5739.0   3988.9     13.0
   236.8   5616.8   4146.3     13.5
   206.2   5493.5   4300.4     14.0
   179.5   5369.6   4451.0     14.5
   156.3   5245.6   4598.1     15.0
   136.0   5122.1   4741.8     15.5
   118.4   4999.4   4882.2     16.0
   103.1   4877.8   5019.1     16.5
    89.7   4757.6   5152.7     17.0
    78.1   4639.0   5282.9     17.5
    68.0   4522.1   5409.9     18.0
    59.2   4407.1   5533.7     18.5
    51.5   4294.1   5654.3     19.0
    44.9   4183.3   5771.8     19.5
    39.1   4074.6   5886.3     20.0
    34.0   3968.2   5997.8     20.5
    29.6   3864.0   6106.4     21.0
    25.8   3762.1   6212.1     21.5
    22.4   3662.6   6315.0     22.0
    19.5   3565.3   6415.2     22.5
    17.0   3470.3   6512.7     23.0
    14.8   3377.5   6607.7     23.5
    12.9   3287.1   6700.0     24.0
    11.2   3198.8   6789.9     24.5
     9.8   3112.8   6877.4     25.0
     8.5   3028.9   6962.6     25.5
     7.4   2947.2   7045.4     26.0
     6.4   2867.5   7126.0     26.5
     5.6   2789.9   7204.4     27.0
     4.9   2714.4   7280.8     27.5
     4.3   2640.8   7355.0     28.0
     3.7   2569.1   7427.2     28.5
     3.2   2499.3   7497.5     29.0
     2.8   2431.4   7565.8     29.5
     2.4   2365.3   7632.3     30.0
     2.1   2300.9   7697.0     30.5
     1.9   2238.2   7759.9     31.0
     1.6   2177.3   7821.1     31.5
     1.4   2117.9   7880.7     32.0
     1.2   2060.2   7938.6     32.5
     1.1   2004.0   7994.9     33.0
     0.9   1949.4   8049.7     33.5
     0.8   1896.2   8103.0     34.0
     0.7   1844.4   8154.9     34.5
     0.6   1794.1   8205.3     35.0
     0.5   1745.1   8254.4     35.5
     0.5   1697.4   8302.1     36.0
     0.4   1651.1   8348.5     36.5
     0.4   1606.0   8393.7     37.0
     0.3   1562.1   8437.6     37.5
     0.3   1519.4   8480.3     38.0
     0.2   1477.9   8521.8     38.5
     0.2   1437.5   8562.3     39.0
     0.2   1398.3   8601.6     39.5
     0.2   1360.0   8639.8     40.0
     0.1   1322.9   8677.0     40.5
     0.1   1286.7   8713.2     41.0
     0.1   1251.5   8748.4     41.5
     0.1   1217.3   8782.6     42.0
     0.1   1184.1   8815.9     42.5
     0.1   1151.7   8848.2     43.0
     0.1   1120.2   8879.7     43.5
     0.1   1089.6   8910.4     44.0
     0.0   1059.8   8940.2     44.5
     0.0   1030.8   8969.1     45.0
     0.0   1002.6   8997.3     45.5
     0.0    975.2   9024.7     46.0
     0.0    948.6   9051.4     46.5
     0.0    922.6   9077.4     47.0
     0.0    897.4   9102.6     47.5
     0.0    872.9   9127.1     48.0
     0.0    849.0   9151.0     48.5
     0.0    825.8   9174.2     49.0
     0.0    803.2   9196.8     49.5
     0.0    781.2   9218.8     50.0
     0.0    759.9   9240.1     50.5
     0.0    739.1   9260.9     51.0
     0.0    718.9   9281.1     51.5
     0.0    699.2   9300.8     52.0
     0.0    680.1   9319.9     52.5
     0.0    661.5   9338.5     53.0
     0.0    643.4   9356.6     53.5
     0.0    625.8   9374.2     54.0
     0.0    608.7   9391.3     54.5
     0.0    592.1   9407.9     55.0
     0.0    575.9   9424.1     55.5
     0.0    560.1   9439.9     56.0
     0.0    544.8   9455.2     56.5
     0.0    529.9   9470.1     57.0
     0.0    515.4   9484.6     57.5
     0.0    501.3   9498.7     58.0
     0.0    487.6   9512.4     58.5
     0.0    474.3   9525.7     59.0
     0.0    461.3   9538.7     59.5
     0.0    448.7   9551.3     60.0
