 10000.0      0.0      0.0      0.0
  7578.6   2352.5     68.9      1.0
  5743.5   4008.4    248.1      2.0
  4352.8   5143.4    503.9      3.0
  3298.8   5889.9    811.3      4.0
  2500.0   6348.2   1151.8      5.0
  1894.6   6593.9   1511.4      6.0
  1435.9   6683.9   1880.2      7.0
  1088.2   6661.2   2250.6      8.0
   824.7   6557.9   2617.5      9.0
   625.0   6398.1   2976.9     10.0
   473.7   6200.0   3326.3     11.0
   359.0   5977.0   3664.0     12.0
   272.0   5739.0   3988.9     13.0
   206.2   5493.5   4300.4     14.0
   156.3   5245.6   4598.1     15.0
   118.4   4999.4   4882.2     16.0
    89.7   4757.6   5152.7     17.0
    68.0   4522.1   5409.9     18.0
    51.5   4294.1   5654.3     19.0
    39.1   4074.6   5886.3     20.0
    29.6   3864.0   6106.4     21.0
    22.4   3662.6   6315.0     22.0
    17.0   3470.3   6512.7     23.0
    12.9   3287.1   6700.0     24.0
     9.8   3112.8   6877.4     25.0
     7.4   2947.2   7045.4     26.0
     5.6   2789.9   7204.4     27.0
     4.3   2640.8   7355.0     28.0
     3.2   2499.3   7497.5     29.0
     2.4   2365.3   7632.3     30.0
     1.9   2238.2   7759.9     31.0
     1.4   2117.9   7880.7     32.0
     1.1   2004.0   7994.9     33.0
     0.8   1896.2   8103.0     34.0
     0.6   1794.1   8205.3     35.0
     0.5   1697.4   8302.1     36.0
     0.4   1606.0   8393.7     37.0
     0.3   1519.4   8480.3     38.0
     0.2   1437.5   8562.3     39.0
     0.2   1360.0   8639.8     40.0
     0.1   1286.7   8713.2     41.0
     0.1   1217.3   8782.6     42.0
     0.1   1151.7   8848.2     43.0
     0.1   1089.6   8910.4     44.0
     0.0   1030.8   8969.1     45.0
     0.0    975.2   9024.7     46.0
     0.0    922.6   9077.4     47.0
     0.0    872.9   9127.1     48.0
     0.0    825.8   9174.2     49.0
     0.0    781.2   9218.8     50.0
     0.0    739.1   9260.9     51.0
     0.0    699.2   9300.8     52.0
     0.0    661.5   9338.5     53.0
     0.0    625.8   9374.2     54.0
     0.0    592.1   9407.9     55.0
     0.0    560.1   9439.9     56.0
     0.0    529.9   9470.1     57.0
     0.0    501.3   9498.7     58.0
     0.0    474.3   9525.7     59.0
     0.0    448.7   9551.3     60.0
