 10000.0      0.0      0.0      0.0
  9460.6    536.4      3.0      0.2
  8950.3   1038.0     11.8      0.4
  8467.5   1506.6     25.9      0.6
  8010.7   1944.2     45.1      0.8
  7578.6   2352.5     68.9      1.0
  7169.8   2733.1     97.2      1.2
  6783.0   3087.5    129.5      1.4
  6417.1   3417.3    165.5      1.6
  6071.0   3723.9    205.2      1.8
  5743.5   4008.4    248.1      2.0
  5433.7   4272.3    294.0      2.2
  5140.6   4516.7    342.8      2.4
  4863.3   4742.6    394.1      2.6
  4600.9   4951.2    447.9      2.8
  4352.8   5143.4    503.9      3.0
  4118.0   5320.1    561.9      3.2
  3895.8   5482.4    621.8      3.4
  3685.7   5630.9    683.5      3.6
  3486.9   5766.5    746.7      3.8
  3298.8   5889.9    811.3      4.0
  3120.8   6001.9    877.3      4.2
  2952.5   6103.1    944.4      4.4
  2793.2   6194.2   1012.6      4.6
  2642.5   6275.7   1081.8      4.8
  2500.0   6348.2   1151.8      5.0
  2365.1   6412.3   1222.5      5.2
  2237.6   6468.5   1294.0      5.4
  2116.9   6517.2   1366.0      5.6
  2002.7   6558.8   1438.5      5.8
  1894.6   6593.9   1511.4      6.0
  1792.4   6622.8   1584.7      6.2
  1695.8   6645.9   1658.3      6.4
  1604.3   6663.6   1732.1      6.6
  1517.7   6676.2   1806.1      6.8
  1435.9   6683.9   1880.2      7.0
  1358.4   6687.2   1954.3      7.2
  1285.1   6686.4   2028.5      7.4
  1215.8   6681.5   2102.6      7.6
  1150.2   6673.1   2176.7      7.8
  1088.2   6661.2   2250.6      8.0
  1029.5   6646.1   2324.4      8.2
   974.0   6628.0   2398.0      8.4
   921.4   6607.1   2471.4      8.6
   871.7   6583.7   2544.6      8.8
   824.7   6557.9   2617.5      9.0
   780.2   6529.8   2690.0      9.2
   738.1   6499.6   2762.3      9.4
   698.3   6467.5   2834.2      9.6
   660.6   6433.6   2905.7      9.8
   625.0   6398.1   2976.9     10.0
   591.3   6361.1   3047.6     10.2
   559.4   6322.6   3118.0     10.4
   529.2   6282.9   3187.9     10.6
   500.7   6242.0   3257.3     10.8
   473.7   6200.0   3326.3     11.0
   448.1   6157.0   3394.8     11.2
   423.9   6113.2   3462.9     11.4
   401.1   6068.5   3530.4     11.6
   379.4   6023.1   3597.5     11.8
   359.0   5977.0   3664.0     12.0
   339.6   5930.3   3730.1     12.2
   321.3   5883.1   3795.6     12.4
   304.0   5835.5   3860.6     12.6
   287.6   5787.4   3925.0     12.8
   272.0   5739.0   3988.9     13.0
   257.4   5690.3   4052.3     13.2
   243.5   5641.4   4115.1     13.4
   230.4   5592.2   4177.4     13.6
   217.9   5542.9   4239.2     13.8
   206.2   5493.5   4300.4     14.0
   195.1   5443.9   4361.0     14.2
   184.5   5394.3   4421.1     14.4
   174.6   5344.8   4480.7     14.6
   165.2   5295.2   4539.7     14.8
   156.3   5245.6   4598.1     15.0
   147.8   5196.2   4656.0     15.2
   139.8   5146.8   4713.4     15.4
   132.3   5097.5   4770.2     15.6
   125.2   5048.4   4826.4     15.8
   118.4   4999.4   4882.2     16.0
   112.0   4950.6   4937.3     16.2
   106.0   4902.0   4992.0     16.4
   100.3   4853.7   5046.1     16.6
    94.9   4805.5   5099.6     16.8
    89.7   4757.6   5152.7     17.0
    84.9   4709.9   5205.2     17.2
    80.3   4662.6   5257.1     17.4
    76.0   4615.4   5308.6     17.6
    71.9   4568.6   5359.5     17.8
    68.0   4522.1   5409.9     18.0
    64.3   4475.9   5459.8     18.2
    60.9   4429.9   5509.2     18.4
    57.6   4384.3   5558.1     18.6
    54.5   4339.1   5606.4     18.8
    51.5   4294.1   5654.3     19.0
    48.8   4249.5   5701.7     19.2
    46.1   4205.3   5748.6     19.4
    43.6   4161.4   5795.0     19.6
    41.3   4117.8   5840.9     19.8
    39.1   4074.6   5886.3     20.0
    37.0   4031.8   5931.3     20.2
    35.0   3989.3   5975.7     20.4
    33.1   3947.2   6019.7     20.6
    31.3   3905.4   6063.3     20.8
    29.6   3864.0   6106.4     21.0
    28.0   3823.0   6149.0     21.2
    26.5   3782.3   6191.2     21.4
    25.1   3742.0   6232.9     21.6
    23.7   3702.1   6274.2     21.8
    22.4   3662.6   6315.0     22.0
    21.2   3623.4   6355.4     22.2
    20.1   3584.5   6395.4     22.4
    19.0   3546.1   6434.9     22.6
    18.0   3508.0   6474.0     22.8
    17.0   3470.3   6512.7     23.0
    16.1   3432.9   6551.0     23.2
    15.2   3395.9   6588.9     23.4
    14.4   3359.3   6626.3     23.6
    13.6   3323.0   6663.4     23.8
    12.9   3287.1   6700.0     24.0
    12.2   3251.5   6736.3     24.2
    11.5   3216.3   6772.2     24.4
    10.9   3181.5   6807.6     24.6
    10.3   3146.9   6842.7     24.8
     9.8   3112.8   6877.4     25.0
     9.2   3079.0   6911.8     25.2
     8.7   3045.5   6945.7     25.4
     8.3   3012.4   6979.3     25.6
     7.8   2979.6   7012.6     25.8
     7.4   2947.2   7045.4     26.0
     7.0   2915.1   7077.9     26.2
     6.6   2883.3   7110.1     26.4
     6.3   2851.9   7141.9     26.6
     5.9   2820.7   7173.3     26.8
     5.6   2789.9   7204.4     27.0
     5.3   2759.5   7235.2     27.2
     5.0   2729.3   7265.7     27.4
     4.7   2699.5   7295.8     27.6
     4.5   2670.0   7325.5     27.8
     4.3   2640.8   7355.0     28.0
     4.0   2611.9   7384.1     28.2
     3.8   2583.3   7412.9     28.4
     3.6   2555.0   7441.4     28.6
     3.4   2527.0   7469.6     28.8
     3.2   2499.3   7497.5     29.0
     3.0   2471.9   7525.0     29.2
     2.9   2444.8   7552.3     29.4
     2.7   2418.0   7579.3     29.6
     2.6   2391.5   7605.9     29.8
     2.4   2365.3   7632.3     30.0
     2.3   2339.3   7658.4     30.2
     2.2   2313.6   7684.2     30.4
     2.1   2288.2   7709.7     30.6
     2.0   2263.1   7734.9     30.8
     1.9   2238.2   7759.9     31.0
     1.8   2213.7   7784.6     31.2
     1.7   2189.3   7809.0     31.4
     1.6   2165.3   7833.2     31.6
     1.5   2141.5   7857.0     31.8
     1.4   2117.9   7880.7     32.0
     1.3   2094.7   7904.0     32.2
     1.3   2071.6   7927.1     32.4
     1.2   2048.8   7950.0     32.6
     1.1   2026.3   7972.6     32.8
     1.1   2004.0   7994.9     33.0
     1.0   1982.0   8017.0     33.2
     1.0   1960.2   8038.9     33.4
     0.9   1938.6   8060.5     33.6
     0.9   1917.3   8081.9     33.8
     0.8   1896.2   8103.0     34.0
     0.8   1875.3   8123.9     34.2
     0.7   1854.7   8144.6     34.4
     0.7   1834.2   8165.1     34.6
     0.6   1814.1   8185.3     34.8
     0.6   1794.1   8205.3     35.0
     0.6   1774.3   8225.1     35.2
     0.5   1754.8   8244.7     35.4
     0.5   1735.5   8264.0     35.6
     0.5   1716.3   8283.2     35.8
     0.5   1697.4   8302.1     36.0
     0.4   1678.7   8320.8     36.2
     0.4   1660.3   8339.3     36.4
     0.4   1642.0   8357.6     36.6
     0.4   1623.9   8375.7     36.8
     0.4   1606.0   8393.7     37.0
     0.3   1588.3   8411.4     37.2
     0.3   1570.8   8428.9     37.4
     0.3   1553.5   8446.2     37.6
     0.3   1536.4   8463.3     37.8
     0.3   1519.4   8480.3     38.0
     0.3   1502.7   8497.1     38.2
     0.2   1486.1   8513.6     38.4
     0.2   1469.8   8530.0     38.6
     0.2   1453.6   8546.2     38.8
     0.2   1437.5   8562.3     39.0
     0.2   1421.7   8578.1     39.2
     0.2   1406.0   8593.8     39.4
     0.2   1390.5   8609.3     39.6
     0.2   1375.2   8624.6     39.8
     0.2   1360.0   8639.8     40.0
     0.1   1345.1   8654.8     40.2
     0.1   1330.2   8669.6     40.4
     0.1   1315.6   8684.3     40.6
     0.1   1301.1   8698.8     40.8
     0.1   1286.7   8713.2     41.0
     0.1   1272.5   8727.4     41.2
     0.1   1258.5   8741.4     41.4
     0.1   1244.6   8755.3     41.6
     0.1   1230.9   8769.0     41.8
     0.1   1217.3   8782.6     42.0
     0.1   1203.9   8796.0     42.2
     0.1   1190.6   8809.3     42.4
     0.1   1177.5   8822.4     42.6
     0.1   1164.5   8835.4     42.8
     0.1   1151.7   8848.2     43.0
     0.1   1139.0   8860.9     43.2
     0.1   1126.4   8873.5     43.4
     0.1   1114.0   8885.9     43.6
     0.1   1101.7   8898.2     43.8
     0.1   1089.6   8910.4     44.0
     0.0   1077.6   8922.4     44.2
     0.0   1065.7   8934.3     44.4
     0.0   1053.9   8946.0     44.6
     0.0   1042.3   8957.6     44.8
     0.0   1030.8   8969.1     45.0
     0.0   1019.5   8980.5     45.2
     0.0   1008.2   8991.8     45.4
     0.0    997.1   9002.9     45.6
     0.0    986.1   9013.9     45.8
     0.0    975.2   9024.7     46.0
     0.0    964.5   9035.5     46.2
     0.0    953.8   9046.1     46.4
     0.0    943.3   9056.7     46.6
     0.0    932.9   9067.1     46.8
     0.0    922.6   9077.4     47.0
     0.0    912.4   9087.5     47.2
     0.0    902.4   9097.6     47.4
     0.0    892.4   9107.5     47.6
     0.0    882.6   9117.4     47.8
     0.0    872.9   9127.1     48.0
     0.0    863.2   9136.8     48.2
     0.0    853.7   9146.3     48.4
     0.0    844.3   9155.7     48.6
     0.0    835.0   9165.0     48.8
     0.0    825.8   9174.2     49.0
     0.0    816.7   9183.3     49.2
     0.0    807.7   9192.3     49.4
     0.0    798.8   9201.2     49.6
     0.0    789.9   9210.0     49.8
     0.0    781.2   9218.8     50.0
     0.0    772.6   9227.4     50.2
     0.0    764.1   9235.9     50.4
     0.0    755.7   9244.3     50.6
     0.0    747.3   9252.7     50.8
     0.0    739.1   9260.9     51.0
     0.0    730.9   9269.0     51.2
     0.0    722.9   9277.1     51.4
     0.0    714.9   9285.1     51.6
     0.0    707.0   9293.0     51.8
     0.0    699.2   9300.8     52.0
     0.0    691.5   9308.5     52.2
     0.0    683.9   9316.1     52.4
     0.0    676.4   9323.6     52.6
     0.0    668.9   9331.1     52.8
     0.0    661.5   9338.5     53.0
     0.0    654.2   9345.8     53.2
     0.0    647.0   9353.0     53.4
     0.0    639.9   9360.1     53.6
     0.0    632.8   9367.2     53.8
     0.0    625.8   9374.2     54.0
     0.0    618.9   9381.1     54.2
     0.0    612.1   9387.9     54.4
     0.0    605.4   9394.6     54.6
     0.0    598.7   9401.3     54.8
     0.0    592.1   9407.9     55.0
     0.0    585.5   9414.5     55.2
     0.0    579.1   9420.9     55.4
     0.0    572.7   9427.3     55.6
     0.0    566.4   9433.6     55.8
     0.0    560.1   9439.9     56.0
     0.0    554.0   9446.0     56.2
     0.0    547.8   9452.1     56.4
     0.0    541.8   9458.2     56.6
     0.0    535.8   9464.2     56.8
     0.0    529.9   9470.1     57.0
     0.0    524.1   9475.9     57.2
     0.0    518.3   9481.7     57.4
     0.0    512.6   9487.4     57.6
     0.0    506.9   9493.1     57.8
     0.0    501.3   9498.7     58.0
     0.0    495.8   9504.2     58.2
     0.0    490.3   9509.7     58.4
     0.0    484.9   9515.1     58.6
     0.0    479.6   9520.4     58.8
     0.0    474.3   9525.7     59.0
     0.0    469.1   9530.9     59.2
     0.0    463.9   9536.1     59.4
     0.0    458.8   9541.2     59.6
     0.0    453.7   9546.3     59.8
     0.0    448.7   9551.3     60.0
