 10000      0      0      0.0
  7317   2683      0      1.0
  5268   4593    139      2.0
  3818   5809    373      3.0
  2744   6588    668      4.0
  1993   6995   1012      5.0
  1419   7161   1420      6.0
  1038   7126   1836      7.0
   727   7001   2272      8.0
   529   6812   2659      9.0
   373   6575   3052     10.0
   269   6319   3412     11.0
   189   6081   3730     12.0
   143   5782   4075     13.0
   107   5476   4417     14.0
    76   5189   4735     15.0
    64   4939   4997     16.0
    47   4679   5274     17.0
    36   4438   5526     18.0
    25   4201   5774     19.0
    20   3976   6004     20.0
    14   3766   6220     21.0
     8   3544   6448     22.0
     5   3350   6645     23.0
     5   3164   6831     24.0
     2   2973   7025     25.0
     2   2802   7196     26.0
     1   2624   7375     27.0
     1   2467   7532     28.0
     0   2348   7652     29.0
     0   2230   7770     30.0
     0   2089   7911     31.0
     0   1975   8025     32.0
     0   1845   8155     33.0
     0   1748   8252     34.0
     0   1662   8338     35.0
     0   1574   8426     36.0
     0   1504   8496     37.0
     0   1418   8582     38.0
     0   1341   8659     39.0
     0   1270   8730     40.0
     0   1206   8794     41.0
     0   1152   8848     42.0
     0   1068   8932     43.0
     0   1010   8990     44.0
     0    968   9032     45.0
     0    917   9083     46.0
     0    866   9134     47.0
     0    818   9182     48.0
     0    773   9227     49.0
     0    742   9258     50.0
     0    696   9304     51.0
     0    660   9340     52.0
     0    622   9378     53.0
     0    585   9415     54.0
     0    564   9436     55.0
     0    534   9466     56.0
     0    511   9489     57.0
     0    481   9519     58.0
     0    448   9552     59.0
     0    418   9582     60.0
