 10000      0      0      0.0
  9463    537      0      0.2
  8936   1058      6      0.4
  8434   1548     18      0.6
  8011   1957     32      0.8
  7551   2391     58      1.0
  7150   2772     78      1.2
  6759   3121    120      1.4
  6389   3457    154      1.6
  6043   3773    184      1.8
  5716   4044    240      2.0
  5377   4339    284      2.2
  5094   4575    331      2.4
  4835   4773    392      2.6
  4570   4990    440      2.8
  4296   5214    490      3.0
  4046   5414    540      3.2
  3806   5596    598      3.4
  3609   5738    653      3.6
  3406   5869    725      3.8
  3222   5986    792      4.0
  3031   6109    860      4.2
  2874   6204    922      4.4
  2710   6294    996      4.6
  2540   6394   1066      4.8
  2412   6469   1119      5.0
  2286   6526   1188      5.2
  2150   6588   1262      5.4
  2030   6639   1331      5.6
  1901   6694   1405      5.8
  1793   6730   1477      6.0
  1686   6763   1551      6.2
  1599   6766   1635      6.4
  1527   6764   1709      6.6
  1440   6775   1785      6.8
  1358   6779   1863      7.0
  1278   6784   1938      7.2
  1203   6792   2005      7.4
  1123   6789   2088      7.6
  1060   6776   2164      7.8
  1007   6754   2239      8.0
   964   6729   2307      8.2
   918   6695   2387      8.4
   864   6673   2463      8.6
   815   6635   2550      8.8
   778   6600   2622      9.0
   731   6586   2683      9.2
   694   6544   2762      9.4
   658   6511   2831      9.6
   628   6487   2885      9.8
   577   6466   2957     10.0
   544   6413   3043     10.2
   525   6366   3109     10.4
   499   6316   3185     10.6
   472   6273   3255     10.8
   452   6226   3322     11.0
   429   6183   3388     11.2
   398   6136   3466     11.4
   385   6075   3540     11.6
   369   6027   3604     11.8
   347   5980   3673     12.0
   320   5934   3746     12.2
   302   5879   3819     12.4
   283   5834   3883     12.6
   262   5790   3948     12.8
   250   5724   4026     13.0
   239   5676   4085     13.2
   226   5629   4145     13.4
   207   5587   4206     13.6
   193   5549   4258     13.8
   176   5490   4334     14.0
   165   5443   4392     14.2
   152   5395   4453     14.4
   144   5332   4524     14.6
   139   5289   4572     14.8
   131   5243   4626     15.0
   121   5197   4682     15.2
   110   5147   4743     15.4
   106   5090   4804     15.6
   100   5040   4860     15.8
    97   4988   4915     16.0
    93   4948   4959     16.2
    89   4907   5004     16.4
    88   4858   5054     16.6
    82   4803   5115     16.8
    79   4761   5160     17.0
    75   4719   5206     17.2
    71   4660   5269     17.4
    67   4607   5326     17.6
    64   4558   5378     17.8
    63   4512   5425     18.0
    59   4466   5475     18.2
    57   4412   5531     18.4
    54   4371   5575     18.6
    51   4327   5622     18.8
    49   4290   5661     19.0
    46   4238   5716     19.2
    45   4197   5758     19.4
    45   4140   5815     19.6
    43   4090   5867     19.8
    35   4062   5903     20.0
    34   4014   5952     20.2
    32   3974   5994     20.4
    30   3925   6045     20.6
    28   3887   6085     20.8
    26   3843   6131     21.0
    25   3803   6172     21.2
    23   3756   6221     21.4
    22   3728   6250     21.6
    20   3684   6296     21.8
    18   3632   6350     22.0
    17   3588   6395     22.2
    16   3549   6435     22.4
    15   3514   6471     22.6
    14   3473   6513     22.8
    14   3425   6561     23.0
    14   3384   6602     23.2
    13   3348   6639     23.4
    12   3306   6682     23.6
    10   3265   6725     23.8
     9   3218   6773     24.0
     9   3176   6815     24.2
     8   3140   6852     24.4
     8   3099   6893     24.6
     8   3063   6929     24.8
     8   3025   6967     25.0
     8   3002   6990     25.2
     6   2975   7019     25.4
     6   2939   7055     25.6
     5   2908   7087     25.8
     5   2876   7119     26.0
     5   2835   7160     26.2
     5   2809   7186     26.4
     4   2776   7220     26.6
     3   2746   7251     26.8
     3   2712   7285     27.0
     3   2678   7319     27.2
     3   2654   7343     27.4
     3   2631   7366     27.6
     3   2605   7392     27.8
     3   2577   7420     28.0
     3   2547   7450     28.2
     3   2516   7481     28.4
     3   2488   7509     28.6
     3   2463   7534     28.8
     3   2433   7564     29.0
     3   2404   7593     29.2
     3   2373   7624     29.4
     3   2341   7656     29.6
     2   2321   7677     29.8
     2   2295   7703     30.0
     2   2272   7726     30.2
     2   2243   7755     30.4
     2   2221   7777     30.6
     1   2196   7803     30.8
     1   2180   7819     31.0
     1   2149   7850     31.2
     1   2130   7869     31.4
     1   2110   7889     31.6
     1   2089   7910     31.8
     1   2063   7936     32.0
     1   2041   7958     32.2
     1   2012   7987     32.4
     1   1990   8009     32.6
     1   1961   8038     32.8
     1   1938   8061     33.0
     1   1917   8082     33.2
     1   1900   8099     33.4
     1   1877   8122     33.6
     0   1857   8143     33.8
     0   1835   8165     34.0
     0   1813   8187     34.2
     0   1791   8209     34.4
     0   1770   8230     34.6
     0   1750   8250     34.8
     0   1736   8264     35.0
     0   1718   8282     35.2
     0   1701   8299     35.4
     0   1676   8324     35.6
     0   1656   8344     35.8
     0   1638   8362     36.0
     0   1619   8381     36.2
     0   1592   8408     36.4
     0   1579   8421     36.6
     0   1564   8436     36.8
     0   1547   8453     37.0
     0   1530   8470     37.2
     0   1516   8484     37.4
     0   1498   8502     37.6
     0   1484   8516     37.8
     0   1471   8529     38.0
     0   1459   8541     38.2
     0   1440   8560     38.4
     0   1427   8573     38.6
     0   1409   8591     38.8
     0   1393   8607     39.0
     0   1388   8612     39.2
     0   1367   8633     39.4
     0   1356   8644     39.6
     0   1339   8661     39.8
     0   1326   8674     40.0
     0   1303   8697     40.2
     0   1285   8715     40.4
     0   1275   8725     40.6
     0   1261   8739     40.8
     0   1246   8754     41.0
     0   1231   8769     41.2
     0   1218   8782     41.4
     0   1205   8795     41.6
     0   1192   8808     41.8
     0   1174   8826     42.0
     0   1161   8839     42.2
     0   1142   8858     42.4
     0   1136   8864     42.6
     0   1128   8872     42.8
     0   1120   8880     43.0
     0   1109   8891     43.2
     0   1094   8906     43.4
     0   1087   8913     43.6
     0   1073   8927     43.8
     0   1064   8936     44.0
     0   1050   8950     44.2
     0   1037   8963     44.4
     0   1027   8973     44.6
     0   1011   8989     44.8
     0   1004   8996     45.0
     0    985   9015     45.2
     0    976   9024     45.4
     0    968   9032     45.6
     0    959   9041     45.8
     0    950   9050     46.0
     0    945   9055     46.2
     0    932   9068     46.4
     0    928   9072     46.6
     0    921   9079     46.8
     0    913   9087     47.0
     0    904   9096     47.2
     0    893   9107     47.4
     0    874   9126     47.6
     0    863   9137     47.8
     0    852   9148     48.0
     0    844   9156     48.2
     0    832   9168     48.4
     0    823   9177     48.6
     0    817   9183     48.8
     0    807   9193     49.0
     0    797   9203     49.2
     0    788   9212     49.4
     0    781   9219     49.6
     0    771   9229     49.8
     0    766   9234     50.0
     0    755   9245     50.2
     0    753   9247     50.4
     0    743   9257     50.6
     0    735   9265     50.8
     0    727   9273     51.0
     0    722   9278     51.2
     0    714   9286     51.4
     0    703   9297     51.6
     0    695   9305     51.8
     0    692   9308     52.0
     0    681   9319     52.2
     0    673   9327     52.4
     0    663   9337     52.6
     0    652   9348     52.8
     0    643   9357     53.0
     0    638   9362     53.2
     0    632   9368     53.4
     0    624   9376     53.6
     0    619   9381     53.8
     0    614   9386     54.0
     0    603   9397     54.2
     0    592   9408     54.4
     0    586   9414     54.6
     0    576   9424     54.8
     0    568   9432     55.0
     0    562   9438     55.2
     0    557   9443     55.4
     0    548   9452     55.6
     0    540   9460     55.8
     0    535   9465     56.0
     0    529   9471     56.2
     0    523   9477     56.4
     0    516   9484     56.6
     0    511   9489     56.8
     0    506   9494     57.0
     0    500   9500     57.2
     0    498   9502     57.4
     0    490   9510     57.6
     0    483   9517     57.8
     0    475   9525     58.0
     0    469   9531     58.2
     0    464   9536     58.4
     0    462   9538     58.6
     0    455   9545     58.8
     0    451   9549     59.0
     0    443   9557     59.2
     0    441   9559     59.4
     0    434   9566     59.6
     0    431   9569     59.8
     0    425   9575     60.0
