 10000      0      0      0.0
  8660   1340      0      0.5
  7497   2467     36      1.0
  6470   3414    116      1.5
  5563   4212    225      2.0
  4791   4872    337      2.5
  4152   5378    470      3.0
  3562   5817    621      3.5
  3045   6165    790      4.0
  2598   6439    963      4.5
  2236   6630   1134      5.0
  1935   6750   1315      5.5
  1675   6841   1484      6.0
  1440   6893   1667      6.5
  1257   6877   1866      7.0
  1097   6837   2066      7.5
   956   6796   2248      8.0
   820   6722   2458      8.5
   700   6649   2651      9.0
   606   6550   2844      9.5
   533   6451   3016     10.0
   459   6344   3197     10.5
   398   6239   3363     11.0
   344   6135   3521     11.5
   291   6011   3698     12.0
   257   5869   3874     12.5
   222   5749   4029     13.0
   191   5628   4181     13.5
   164   5496   4340     14.0
   140   5368   4492     14.5
   120   5242   4638     15.0
    98   5111   4791     15.5
    84   4972   4944     16.0
    67   4857   5076     16.5
    58   4695   5247     17.0
    49   4582   5369     17.5
    43   4460   5497     18.0
    32   4359   5609     18.5
    27   4256   5717     19.0
    24   4125   5851     19.5
    21   4034   5945     20.0
    19   3932   6049     20.5
    19   3828   6153     21.0
    15   3712   6273     21.5
    13   3593   6394     22.0
    12   3493   6495     22.5
    11   3397   6592     23.0
    10   3314   6676     23.5
    10   3222   6768     24.0
     7   3134   6859     24.5
     6   3041   6953     25.0
     4   2970   7026     25.5
     2   2882   7116     26.0
     1   2811   7188     26.5
     1   2745   7254     27.0
     1   2668   7331     27.5
     1   2598   7401     28.0
     1   2523   7476     28.5
     0   2459   7541     29.0
     0   2378   7622     29.5
     0   2308   7692     30.0
     0   2243   7757     30.5
     0   2182   7818     31.0
     0   2120   7880     31.5
     0   2069   7931     32.0
     0   2004   7996     32.5
     0   1946   8054     33.0
     0   1894   8106     33.5
     0   1836   8164     34.0
     0   1789   8211     34.5
     0   1744   8256     35.0
     0   1710   8290     35.5
     0   1656   8344     36.0
     0   1613   8387     36.5
     0   1576   8424     37.0
     0   1531   8469     37.5
     0   1495   8505     38.0
     0   1455   8545     38.5
     0   1403   8597     39.0
     0   1365   8635     39.5
     0   1320   8680     40.0
     0   1272   8728     40.5
     0   1241   8759     41.0
     0   1208   8792     41.5
     0   1173   8827     42.0
     0   1142   8858     42.5
     0   1109   8891     43.0
     0   1078   8922     43.5
     0   1049   8951     44.0
     0   1007   8993     44.5
     0    987   9013     45.0
     0    956   9044     45.5
     0    926   9074     46.0
     0    900   9100     46.5
     0    867   9133     47.0
     0    851   9149     47.5
     0    830   9170     48.0
     0    804   9196     48.5
     0    771   9229     49.0
     0    749   9251     49.5
     0    724   9276     50.0
     0    703   9297     50.5
     0    691   9309     51.0
     0    679   9321     51.5
     0    650   9350     52.0
     0    631   9369     52.5
     0    615   9385     53.0
     0    602   9398     53.5
     0    579   9421     54.0
     0    565   9435     54.5
     0    550   9450     55.0
     0    535   9465     55.5
     0    522   9478     56.0
     0    503   9497     56.5
     0    488   9512     57.0
     0    478   9522     57.5
     0    458   9542     58.0
     0    454   9546     58.5
     0    441   9559     59.0
     0    427   9573     59.5
     0    410   9590     60.0
