       0       0      0.0000       0       0      0.0000       0       0      0.0000
       0       1      1.0000       1       0      1.0000      -1       0      1.0000
       1       1      1.4142       2       0      2.0000      -2       0      2.0000
       2       1      2.2361       3       0      3.0000      -2       1      2.2361
       2       2      2.8284       3       1      3.1623      -3       1      3.1623
       1       2      2.2361       3       2      3.6056      -3       2      3.6056
       0       2      2.0000       4       2      4.4721      -2       2      2.8284
       0       3      3.0000       5       2      5.3852      -2       3      3.6056
       1       3      3.1623       5       3      5.8310      -3       3      4.2426
       2       3      3.6056       5       4      6.4031      -4       3      5.0000
       2       4      4.4721       6       4      7.2111      -4       2      4.4721
       1       4      4.1231       6       3      6.7082      -5       2      5.3852
       0       4      4.0000       7       3      7.6158      -5       3      5.8310
      -1       4      4.1231       7       2      7.2801      -5       4      6.4031
      -1       5      5.0990       7       1      7.0711      -4       4      5.6569
       0       5      5.0000       7       0      7.0000      -3       4      5.0000
       1       5      5.0990       6       0      6.0000      -2       4      4.4721
       1       6      6.0828       6      -1      6.0828      -2       5      5.3852
       1       7      7.0711       7      -1      7.0711      -2       6      6.3246
       1       8      8.0623       7      -2      7.2801      -3       6      6.7082
       2       8      8.2462       8      -2      8.2462      -3       7      7.6158
       2       7      7.2801       9      -2      9.2195      -4       7      8.0623
       2       6      6.3246      10      -2     10.1980      -5       7      8.6023
       2       5      5.3852      10      -3     10.4403      -5       8      9.4340
       3       5      5.8310       9      -3      9.4868      -6       8     10.0000
       4       5      6.4031       9      -4      9.8489      -6       9     10.8167
       5       5      7.0711       8      -4      8.9443      -7       9     11.4018
       5       6      7.8102       8      -3      8.5440      -8       9     12.0416
       4       6      7.2111       7      -3      7.6158      -9       9     12.7279
       3       6      6.7082       6      -3      6.7082      -9       8     12.0416
       3       7      7.6158       5      -3      5.8310      -9       7     11.4018
       3       8      8.5440       4      -3      5.0000      -8       7     10.6301
       3       9      9.4868       4      -2      4.4721      -7       7      9.8995
       4       9      9.8489       3      -2      3.6056      -6       7      9.2195
       4       8      8.9443       3      -1      3.1623      -6       6      8.4853
       5       8      9.4340       4      -1      4.1231      -6       5      7.8102
       5       9     10.2956       5      -1      5.0990      -6       4      7.2111
       6       9     10.8167       5       0      5.0000      -7       4      8.0623
       7       9     11.4018       5       1      5.0990      -7       5      8.6023
       7       8     10.6301       4       1      4.1231      -7       6      9.2195
       6       8     10.0000       4       0      4.0000      -8       6     10.0000
       6       7      9.2195       4       0      4.0000      -8       5      9.4340
       6       6      8.4853       4       0      4.0000      -9       5     10.2956
       7       6      9.2195       4       0      4.0000      -9       4      9.8489
       7       7      9.8995       4       0      4.0000     -10       4     10.7703
       8       7     10.6301       4       0      4.0000     -10       5     11.1803
       9       7     11.4018       4       0      4.0000     -11       5     12.0830
       9       6     10.8167       4       0      4.0000     -11       6     12.5300
       8       6     10.0000       4       0      4.0000     -11       7     13.0384
       8       5      9.4340       4       0      4.0000     -12       7     13.8924
       9       5     10.2956       4       0      4.0000     -12       8     14.4222
      10       5     11.1803       4       0      4.0000     -11       8     13.6015
      10       4     10.7703       4       0      4.0000     -10       8     12.8062
       9       4      9.8489       4       0      4.0000     -10       9     13.4536
       8       4      8.9443       4       0      4.0000     -11       9     14.2127
       8       3      8.5440       4       0      4.0000     -12       9     15.0000
       8       2      8.2462       4       0      4.0000     -12      10     15.6205
       9       2      9.2195       4       0      4.0000     -13      10     16.4012
      10       2     10.1980       4       0      4.0000     -13      11     17.0294
      10       1     10.0499       4       0      4.0000     -12      11     16.2788
       9       1      9.0554       4       0      4.0000     -12      12     16.9706
       8       1      8.0623       4       0      4.0000     -13      12     17.6918
       8       0      8.0000       4       0      4.0000     -14      12     18.4391
       9       0      9.0000       4       0      4.0000     -14      11     17.8045
       9      -1      9.0554       4       0      4.0000     -15      11     18.6011
      10      -1     10.0499       4       0      4.0000     -15      12     19.2094
      10       0     10.0000       4       0      4.0000     -16      12     20.0000
      11       0     11.0000       4       0      4.0000     -17      12     20.8087
      11      -1     11.0454       4       0      4.0000     -18      12     21.6333
      11      -2     11.1803       4       0      4.0000     -18      13     22.2036
      11      -3     11.4018       4       0      4.0000     -17      13     21.4009
      12      -3     12.3693       4       0      4.0000     -16      13     20.6155
      13      -3     13.3417       4       0      4.0000     -16      14     21.2603
      13      -2     13.1529       4       0      4.0000     -17      14     22.0227
      14      -2     14.1421       4       0      4.0000     -17      15     22.6716
      14      -3     14.3178       4       0      4.0000     -16      15     21.9317
      15      -3     15.2971       4       0      4.0000     -15      15     21.2132
      15      -2     15.1327       4       0      4.0000     -15      16     21.9317
      16      -2     16.1245       4       0      4.0000     -15      17     22.6716
      16      -1     16.0312       4       0      4.0000     -14      17     22.0227
      15      -1     15.0333       4       0      4.0000     -14      16     21.2603
      14      -1     14.0357       4       0      4.0000     -13      16     20.6155
      14       0     14.0000       4       0      4.0000     -13      17     21.4009
      15       0     15.0000       4       0      4.0000     -12      17     20.8087
      15       1     15.0333       4       0      4.0000     -12      18     21.6333
      15       2     15.1327       4       0      4.0000     -12      19     22.4722
      16       2     16.1245       4       0      4.0000     -12      20     23.3238
      16       3     16.2788       4       0      4.0000     -12      21     24.1868
      17       3     17.2627       4       0      4.0000     -12      22     25.0599
      17       2     17.1172       4       0      4.0000     -11      22     24.5967
      17       1     17.0294       4       0      4.0000     -10      22     24.1661
      18       1     18.0278       4       0      4.0000      -9      22     23.7697
      18       0     18.0000       4       0      4.0000      -9      23     24.6982
      19       0     19.0000       4       0      4.0000     -10      23     25.0799
      19       1     19.0263       4       0      4.0000     -11      23     25.4951
      20       1     20.0250       4       0      4.0000     -12      23     25.9422
      20       0     20.0000       4       0      4.0000     -13      23     26.4197
      20      -1     20.0250       4       0      4.0000     -14      23     26.9258
      21      -1     21.0238       4       0      4.0000     -14      22     26.0768
      21      -2     21.0950       4       0      4.0000     -15      22     26.6271
      22      -2     22.0907       4       0      4.0000     -15      23     27.4591
