# T - i - j - type
0.80 18 6 +1
0.80 18 7 -1
0.90 18 8 -1
0.90 18 9 +1
0.90 19 9 -1
0.90 20 8 -1
0.90 20 9 +1
0.90 20 19 -1
0.90 21 8 +1
0.90 21 19 +1
1.00 2 6 -1
1.00 3 6 +1
1.00 4 18 -1
1.00 5 22 +1
1.00 5 23 -1
1.00 6 17 +1
1.00 7 11 +1
1.00 7 12 -1
1.00 10 8 -1
1.00 11 8 +1
1.00 20 7 -1
1.00 20 8 +1
1.00 20 21 +1
1.00 21 21 -1
1.00 23 1 -1
1.00 23 31 +1
1.10 1 9 +1
1.10 2 5 -1
1.10 2 9 -1
1.10 2 11 -1
1.10 3 12 +1
1.10 3 19 -1
1.10 3 26 +1
1.10 4 6 +1
1.10 4 26 -1
1.10 5 16 +1
1.10 6 16 -1
1.10 8 18 +1
1.10 9 4 +1
1.10 9 7 +1
1.10 10 4 -1
1.10 10 8 -1
1.10 10 28 +1
1.10 10 29 -1
1.10 11 2 -1
1.10 11 4 +1
1.10 11 28 -1
1.10 11 30 +1
1.10 12 17 +1
1.10 13 13 -1
1.10 13 17 -1
1.10 14 12 +1
1.10 15 19 -1
1.10 16 5 -1
1.10 16 6 +1
1.10 16 20 +1
1.10 17 22 -1
1.10 18 3 +1
1.10 19 3 -1
1.10 19 5 +1
1.10 19 6 -1
1.10 19 12 -1
1.10 19 21 +1
1.10 19 22 -1
1.10 19 23 +1
1.10 20 6 +1
1.10 21 15 +1
1.10 21 16 -1
1.10 23 20 +1
1.10 23 21 -1
1.10 25 24 +1
1.10 25 25 -1
1.10 26 1 +1
1.10 27 1 -1
1.10 27 17 -1
1.10 27 18 +1
1.10 28 17 +1
1.10 28 18 -1
1.20 1 14 -1
1.20 1 19 -1
1.20 1 30 +1
1.20 1 31 -1
1.20 2 12 -1
1.20 2 18 +1
1.20 3 12 +1
1.20 4 4 +1
1.20 4 15 +1
1.20 5 5 -1
1.20 5 15 -1
1.20 6 24 +1
1.20 7 25 -1
1.20 11 14 +1
1.20 11 15 -1
1.20 12 14 -1
1.20 12 15 +1
1.20 14 1 -1
1.20 14 6 +1
1.20 14 8 -1
1.20 14 9 +1
1.20 14 30 -1
1.20 15 27 +1
1.20 15 28 -1
1.20 15 29 +1
1.20 15 31 +1
1.20 16 24 -1
1.20 16 26 +1
1.20 16 28 +1
1.20 16 29 -1
1.20 17 26 -1
1.20 17 30 +1
1.20 18 2 +1
1.20 18 4 -1
1.20 18 5 +1
1.20 18 20 -1
1.20 18 24 +1
1.20 18 25 -1
1.20 18 27 +1
1.20 18 29 -1
1.20 19 3 -1
1.20 19 4 +1
1.20 19 8 -1
1.20 19 20 +1
1.20 19 22 -1
1.20 20 22 +1
1.20 21 4 -1
1.20 22 4 +1
1.20 24 9 +1
1.20 25 28 +1
1.20 25 29 -1
1.20 26 18 -1
1.20 26 22 -1
1.20 27 10 -1
1.20 27 12 +1
1.20 27 13 -1
1.20 27 16 +1
1.20 27 20 +1
1.20 28 3 -1
1.20 28 25 +1
1.20 28 28 +1
1.20 29 3 +1
1.20 29 23 -1
1.20 29 25 -1
1.20 29 28 -1
1.20 30 19 -1
1.20 30 27 +1
1.20 31 8 -1
1.20 31 9 +1
1.20 31 18 +1
1.20 31 22 -1
1.20 31 25 +1
1.30 1 10 +1
1.30 1 29 -1
1.30 2 10 -1
1.30 2 23 +1
1.30 2 25 +1
1.30 2 26 -1
1.30 3 23 -1
1.30 4 28 -1
1.30 5 10 +1
1.30 5 28 +1
1.30 6 10 -1
1.30 6 14 -1
1.30 6 15 +1
1.30 7 19 -1
1.30 7 24 +1
1.30 7 25 -1
1.30 7 26 +1
1.30 8 17 +1
1.30 8 22 -1
1.30 8 25 +1
1.30 8 26 -1
1.30 8 28 +1
1.30 9 20 +1
1.30 9 25 -1
1.30 10 3 -1
1.30 10 13 +1
1.30 11 3 +1
1.30 11 14 -1
1.30 11 19 -1
1.30 13 1 -1
1.30 13 29 -1
1.30 14 6 -1
1.30 14 30 +1
1.30 14 31 -1
1.30 15 6 +1
1.30 15 12 +1
1.30 16 3 +1
1.30 16 4 -1
1.30 16 12 -1
1.30 16 14 +1
1.30 16 20 +1
1.30 16 29 -1
1.30 17 5 +1
1.30 17 14 -1
1.30 17 20 -1
1.30 17 30 +1
1.30 18 14 +1
1.30 18 15 -1
1.30 18 16 +1
1.30 18 17 -1
1.30 18 23 +1
1.30 18 26 -1
1.30 18 27 +1
1.30 18 29 +1
1.30 18 30 -1
1.30 19 28 -1
1.30 21 30 +1
1.30 22 21 -1
1.30 22 31 -1
1.30 23 1 -1
1.30 23 16 +1
1.30 23 22 +1
1.30 24 27 -1
1.30 24 28 +1
1.30 24 31 -1
1.30 25 13 -1
1.30 26 21 +1
1.30 26 22 -1
1.30 27 8 +1
1.30 28 17 -1
1.30 28 19 +1
1.30 28 20 -1
1.30 28 28 +1
1.30 29 26 -1
1.30 30 9 -1
1.30 30 14 +1
1.30 30 21 +1
1.30 31 29 +1
1.30 31 31 -1
1.40 1 11 +1
1.40 1 20 +1
1.40 1 21 -1
1.40 2 20 -1
1.40 2 21 +1
1.40 2 26 -1
1.40 3 5 +1
1.40 3 9 -1
1.40 3 16 -1
1.40 3 17 +1
1.40 3 19 +1
1.40 3 24 +1
1.40 4 2 -1
1.40 4 8 +1
1.40 4 16 +1
1.40 4 18 -1
1.40 4 24 -1
1.40 4 25 +1
1.40 5 16 -1
1.40 7 4 +1
1.40 7 26 +1
1.40 8 4 -1
1.40 8 9 -1
1.40 8 27 -1
1.40 9 3 +1
1.40 9 27 +1
1.40 9 30 -1
1.40 10 3 -1
1.40 10 5 -1
1.40 10 7 +1
1.40 10 16 +1
1.40 10 27 -1
1.40 11 3 +1
1.40 11 5 +1
1.40 11 15 -1
1.40 11 23 +1
1.40 11 30 +1
1.40 12 4 -1
1.40 12 5 +1
1.40 12 9 -1
1.40 12 10 +1
1.40 12 13 +1
1.40 12 25 -1
1.40 12 26 +1
1.40 12 28 +1
1.40 12 29 -1
1.40 13 6 +1
1.40 13 11 -1
1.40 13 18 -1
1.40 13 19 +1
1.40 13 29 -1
1.40 14 5 -1
1.40 16 4 -1
1.40 16 5 +1
1.40 16 15 -1
1.40 17 13 -1
1.40 17 14 +1
1.40 18 1 -1
1.40 18 2 +1
1.40 18 3 -1
1.40 18 12 +1
1.40 18 14 -1
1.40 19 15 +1
1.40 19 26 -1
1.40 19 27 +1
1.40 19 28 -1
1.40 20 12 -1
1.40 20 28 +1
1.40 21 15 -1
1.40 21 16 +1
1.40 21 19 +1
1.40 21 20 -1
1.40 21 23 +1
1.40 22 11 +1
1.40 22 15 +1
1.40 22 16 -1
1.40 22 23 -1
1.40 23 1 -1
1.40 23 3 +1
1.40 23 11 -1
1.40 23 20 +1
1.40 23 30 +1
1.40 24 3 -1
1.40 24 30 -1
1.40 25 7 +1
1.40 25 30 +1
1.40 26 3 +1
1.40 26 7 -1
1.40 26 22 +1
1.40 26 29 -1
1.40 26 31 -1
1.40 27 2 -1
1.40 27 21 -1
1.40 27 26 -1
1.40 28 11 -1
1.40 28 13 +1
1.40 28 14 -1
1.40 28 19 +1
1.40 28 22 -1
1.40 29 9 +1
1.40 29 12 +1
1.40 29 25 +1
1.40 29 28 +1
1.40 30 12 -1
1.40 30 17 -1
1.40 30 29 -1
1.40 31 24 -1
1.50 1 7 -1
1.50 1 9 -1
1.50 1 10 +1
1.50 1 15 +1
1.50 1 19 -1
1.50 1 21 +1
1.50 1 25 -1
1.50 1 30 -1
1.50 1 31 +1
1.50 2 3 -1
1.50 2 4 +1
1.50 2 7 +1
1.50 2 21 -1
1.50 2 24 +1
1.50 2 30 +1
1.50 3 6 -1
1.50 3 13 -1
1.50 3 17 +1
1.50 3 18 -1
1.50 3 19 +1
1.50 3 23 +1
1.50 3 24 -1
1.50 3 26 +1
1.50 3 27 -1
1.50 4 1 -1
1.50 4 3 +1
1.50 4 4 -1
1.50 4 25 +1
1.50 4 26 -1
1.50 4 28 +1
1.50 4 29 -1
1.50 5 1 +1
1.50 5 4 +1
1.50 5 6 -1
1.50 5 23 -1
1.50 6 6 +1
1.50 6 16 -1
1.50 6 17 +1
1.50 6 28 -1
1.50 7 6 -1
1.50 7 8 +1
1.50 7 9 -1
1.50 7 13 +1
1.50 7 19 -1
1.50 7 22 -1
1.50 7 23 +1
1.50 8 5 +1
1.50 8 7 +1
1.50 8 8 -1
1.50 8 20 +1
1.50 8 28 +1
1.50 9 7 -1
1.50 9 8 +1
1.50 10 7 +1
1.50 10 8 -1
1.50 10 21 -1
1.50 10 22 +1
1.50 10 23 -1
1.50 11 2 -1
1.50 11 8 +1
1.50 11 23 +1
1.50 11 25 -1
1.50 11 28 -1
1.50 12 9 -1
1.50 12 31 +1
1.50 13 1 +1
1.50 13 9 +1
1.50 13 27 +1
1.50 13 31 -1
1.50 14 11 +1
1.50 14 12 -1
1.50 14 19 -1
1.50 14 24 +1
1.50 14 27 -1
1.50 14 31 +1
1.50 15 10 -1
1.50 15 24 -1
1.50 16 11 +1
1.50 16 12 -1
1.50 17 2 -1
1.50 17 4 +1
1.50 17 5 -1
1.50 17 12 +1
1.50 17 27 +1
1.50 18 11 -1
1.50 18 16 -1
1.50 19 6 +1
1.50 19 7 -1
1.50 19 10 +1
1.50 19 15 +1
1.50 19 29 -1
1.50 20 6 -1
1.50 20 7 +1
1.50 20 12 -1
1.50 20 14 +1
1.50 20 15 -1
1.50 20 16 +1
1.50 20 30 +1
1.50 21 17 -1
1.50 21 18 +1
1.50 21 19 -1
1.50 21 20 +1
1.50 21 24 -1
1.50 22 3 -1
1.50 22 4 +1
1.50 22 8 +1
1.50 22 30 -1
1.50 22 31 +1
1.50 23 2 -1
1.50 23 3 +1
1.50 23 4 -1
1.50 23 6 -1
1.50 23 10 -1
1.50 23 16 -1
1.50 23 19 +1
1.50 23 23 +1
1.50 23 27 -1
1.50 24 6 +1
1.50 24 11 +1
1.50 24 12 -1
1.50 24 13 +1
1.50 24 23 -1
1.50 24 25 +1
1.50 24 27 +1
1.50 25 3 +1
1.50 25 4 -1
1.50 25 17 +1
1.50 25 30 -1
1.50 26 3 -1
1.50 26 4 +1
1.50 26 6 +1
1.50 26 7 -1
1.50 26 8 +1
1.50 26 9 -1
1.50 26 10 +1
1.50 26 15 +1
1.50 26 18 -1
1.50 26 30 +1
1.50 26 31 -1
1.50 27 6 -1
1.50 27 8 -1
1.50 27 12 -1
1.50 27 14 -1
1.50 27 26 -1
1.50 27 31 +1
1.50 28 15 +1
1.50 28 16 -1
1.50 28 17 +1
1.50 28 18 -1
1.50 28 27 +1
1.50 28 31 -1
1.50 29 24 +1
1.50 29 25 -1
1.50 29 26 +1
1.50 29 27 -1
1.50 29 29 -1
1.50 29 30 +1
1.50 30 3 +1
1.50 30 12 +1
1.50 30 14 +1
1.50 30 15 -1
1.50 30 20 +1
1.50 30 28 +1
1.50 30 30 -1
1.50 31 7 +1
1.50 31 9 +1
1.50 31 31 -1
