     0   4.133576
    10   4.537506
    20   4.749708
    30   4.906254
    40   5.031202
    50   5.134697
    60   5.218513
    70   5.296398
    80   5.359177
    90   5.417071
   100   5.466909
   110   5.509370
   120   5.549826
   130   5.588375
   140   5.621856
   150   5.653837
   160   5.682194
   170   5.711921
   180   5.736850
   190   5.759781
   200   5.783043
   210   5.805318
   220   5.825102
   230   5.843517
   240   5.862212
   250   5.880117
   260   5.895954
   270   5.912360
   280   5.928664
   290   5.945652
   300   5.961957
   310   5.978162
   320   5.992701
   330   6.007766
   340   6.021171
   350   6.034374
   360   6.047959
   370   6.060953
   380   6.075335
   390   6.088007
   400   6.099541
   410   6.112383
   420   6.123507
   430   6.137831
   440   6.147827
   450   6.160274
   460   6.171061
   470   6.183506
   480   6.193646
   490   6.204546
   500   6.215199
   510   6.226591
   520   6.237244
   530   6.246232
   540   6.256440
   550   6.266457
   560   6.276599
   570   6.286410
   580   6.297714
   590   6.307990
   600   6.318675
   610   6.328485
   620   6.337542
   630   6.346071
   640   6.356594
   650   6.365963
   660   6.375745
   670   6.383948
   680   6.394066
   690   6.402839
   700   6.412090
   710   6.421368
   720   6.428657
   730   6.436441
   740   6.445096
   750   6.454617
   760   6.463305
   770   6.471892
   780   6.480906
   790   6.488422
   800   6.497039
   810   6.505931
   820   6.513278
   830   6.521563
   840   6.526500
   850   6.534343
   860   6.542635
   870   6.550159
   880   6.558882
   890   6.566421
   900   6.573434
   910   6.581065
   920   6.586122
   930   6.594460
   940   6.600643
   950   6.606270
   960   6.614379
   970   6.619651
   980   6.626776
   990   6.633631
  1000   6.639700
  1010   6.645674
  1020   6.652564
  1030   6.657779
  1040   6.665177
  1050   6.672275
  1060   6.678464
  1070   6.684809
  1080   6.690673
  1090   6.695631
  1100   6.702357
  1110   6.708008
  1120   6.715252
  1130   6.721485
  1140   6.726781
  1150   6.732583
  1160   6.739089
  1170   6.743657
  1180   6.749896
  1190   6.756080
  1200   6.763855
  1210   6.769687
  1220   6.775395
  1230   6.782199
  1240   6.787579
  1250   6.793738
  1260   6.798133
  1270   6.804782
  1280   6.809421
  1290   6.814223
  1300   6.819478
  1310   6.825946
  1320   6.828913
  1330   6.834200
  1340   6.839208
  1350   6.844586
  1360   6.849700
  1370   6.855871
  1380   6.859413
  1390   6.863646
  1400   6.868984
  1410   6.874388
  1420   6.878629
  1430   6.884224
  1440   6.887671
  1450   6.892073
  1460   6.897990
  1470   6.901201
  1480   6.905436
  1490   6.910634
  1500   6.915355
  1510   6.920931
  1520   6.925378
  1530   6.928193
  1540   6.932710
  1550   6.938055
  1560   6.939921
  1570   6.946573
  1580   6.950199
  1590   6.954687
  1600   6.959891
  1610   6.962232
  1620   6.965579
  1630   6.969709
  1640   6.973336
  1650   6.977027
  1660   6.981549
  1670   6.985723
  1680   6.989588
  1690   6.992785
  1700   6.997769
  1710   7.002490
  1720   7.005835
  1730   7.009625
  1740   7.012882
  1750   7.016495
  1760   7.020736
  1770   7.024469
  1780   7.026583
  1790   7.030953
  1800   7.033749
  1810   7.037546
  1820   7.041359
  1830   7.045602
  1840   7.050625
  1850   7.052157
  1860   7.057491
  1870   7.060216
  1880   7.061667
  1890   7.065295
  1900   7.068903
  1910   7.072826
  1920   7.076800
  1930   7.080149
  1940   7.084197
  1950   7.086200
  1960   7.089790
  1970   7.095290
  1980   7.097604
  1990   7.100052
  2000   7.104250
  2010   7.106159
  2020   7.110249
  2030   7.112083
  2040   7.116189
  2050   7.120354
  2060   7.122782
  2070   7.127025
  2080   7.129537
  2090   7.132208
  2100   7.136803
  2110   7.138579
  2120   7.140910
  2130   7.144080
  2140   7.146951
  2150   7.150441
  2160   7.154489
  2170   7.156495
  2180   7.158572
  2190   7.162317
  2200   7.165385
  2210   7.167695
  2220   7.168724
  2230   7.172082
  2240   7.174997
  2250   7.177587
  2260   7.182084
  2270   7.184330
  2280   7.187083
  2290   7.189240
  2300   7.192563
  2310   7.195476
  2320   7.197711
  2330   7.199325
  2340   7.203482
  2350   7.204617
  2360   7.206362
  2370   7.210369
  2380   7.213655
  2390   7.215158
  2400   7.219122
  2410   7.220955
  2420   7.225881
  2430   7.227735
  2440   7.230393
  2450   7.232727
  2460   7.234885
  2470   7.237361
  2480   7.240087
  2490   7.243430
  2500   7.245192
  2510   7.247979
  2520   7.250366
  2530   7.252280
  2540   7.255457
  2550   7.257049
  2560   7.258077
  2570   7.261816
  2580   7.264399
  2590   7.266041
  2600   7.268341
  2610   7.270289
  2620   7.273820
  2630   7.275947
  2640   7.276465
  2650   7.277984
  2660   7.281105
  2670   7.283178
  2680   7.285404
  2690   7.286286
  2700   7.289261
  2710   7.291417
  2720   7.293187
  2730   7.295901
  2740   7.299094
  2750   7.301097
  2760   7.302326
  2770   7.302813
  2780   7.306415
  2790   7.308961
  2800   7.310319
  2810   7.311398
  2820   7.317358
  2830   7.316766
  2840   7.318543
  2850   7.321082
  2860   7.323598
  2870   7.324811
  2880   7.325278
  2890   7.328605
  2900   7.330857
  2910   7.333268
  2920   7.332873
  2930   7.337336
  2940   7.339662
  2950   7.340076
  2960   7.342029
  2970   7.346229
  2980   7.347415
  2990   7.347773
  3000   7.350374
  3010   7.352724
  3020   7.352446
  3030   7.354427
  3040   7.356401
  3050   7.359960
  3060   7.361064
  3070   7.362989
  3080   7.365373
  3090   7.365823
  3100   7.368597
  3110   7.369873
  3120   7.371592
  3130   7.372974
  3140   7.376130
  3150   7.377907
  3160   7.377359
  3170   7.380890
  3180   7.381727
  3190   7.383829
  3200   7.386281
  3210   7.388315
  3220   7.390187
  3230   7.392454
  3240   7.393136
  3250   7.394690
  3260   7.396749
  3270   7.399890
  3280   7.401590
  3290   7.401337
  3300   7.402543
  3310   7.404453
  3320   7.405839
  3330   7.408219
  3340   7.410640
  3350   7.412425
  3360   7.414736
  3370   7.416452
  3380   7.417504
  3390   7.419130
  3400   7.421032
  3410   7.421826
  3420   7.425776
  3430   7.425871
  3440   7.426738
  3450   7.428964
  3460   7.430585
  3470   7.432006
  3480   7.434701
  3490   7.434486
  3500   7.435750
  3510   7.437867
  3520   7.440112
  3530   7.441710
  3540   7.442520
  3550   7.442124
  3560   7.445715
  3570   7.446234
  3580   7.448188
  3590   7.450270
  3600   7.450167
  3610   7.453029
  3620   7.454882
  3630   7.455124
  3640   7.456077
  3650   7.458551
  3660   7.459093
  3670   7.459460
  3680   7.462792
  3690   7.463215
  3700   7.465241
  3710   7.466819
  3720   7.468150
  3730   7.468967
  3740   7.469311
  3750   7.470979
  3760   7.472927
  3770   7.474942
  3780   7.477209
  3790   7.477343
  3800   7.478536
  3810   7.480526
  3820   7.479287
  3830   7.480661
  3840   7.481208
  3850   7.484453
  3860   7.486109
  3870   7.487105
  3880   7.489086
  3890   7.490509
  3900   7.492524
  3910   7.494026
  3920   7.493452
  3930   7.495797
  3940   7.496590
  3950   7.497027
  3960   7.498008
  3970   7.500056
  3980   7.501001
  3990   7.502053
  4000   7.503188
  4010   7.505003
  4020   7.505697
  4030   7.505383
  4040   7.508169
  4050   7.509596
  4060   7.512125
  4070   7.512275
  4080   7.513906
  4090   7.514544
  4100   7.515028
  4110   7.515343
  4120   7.517194
  4130   7.517784
  4140   7.519184
  4150   7.520310
  4160   7.522763
  4170   7.523187
  4180   7.523367
  4190   7.523365
  4200   7.525718
  4210   7.525860
  4220   7.526816
  4230   7.528732
  4240   7.530401
  4250   7.530466
  4260   7.531020
  4270   7.531768
  4280   7.533403
  4290   7.532943
  4300   7.535234
  4310   7.535911
  4320   7.537531
  4330   7.538660
  4340   7.540159
  4350   7.539830
  4360   7.541571
  4370   7.542199
  4380   7.542741
  4390   7.543787
  4400   7.544849
  4410   7.545830
  4420   7.545273
  4430   7.547658
  4440   7.548280
  4450   7.549465
  4460   7.551449
  4470   7.551687
  4480   7.552796
  4490   7.552702
  4500   7.554073
  4510   7.555374
  4520   7.554444
  4530   7.555026
  4540   7.556325
  4550   7.557483
  4560   7.558496
  4570   7.560378
  4580   7.561008
  4590   7.562755
  4600   7.560790
  4610   7.563129
  4620   7.564284
  4630   7.564615
  4640   7.565792
  4650   7.566377
  4660   7.567844
  4670   7.568432
  4680   7.570368
  4690   7.569989
  4700   7.572028
  4710   7.573986
  4720   7.574286
  4730   7.575757
  4740   7.576070
  4750   7.575442
  4760   7.576284
  4770   7.578982
  4780   7.578320
  4790   7.581081
  4800   7.581919
  4810   7.582198
  4820   7.582788
  4830   7.584546
  4840   7.585941
  4850   7.585188
  4860   7.586109
  4870   7.587096
  4880   7.589436
  4890   7.588650
  4900   7.590270
  4910   7.591410
  4920   7.591539
  4930   7.593811
  4940   7.592649
  4950   7.595215
  4960   7.595846
  4970   7.596930
  4980   7.597910
  4990   7.597478
  5000   7.598928
>>>>>>> 8620d50f84a73d7df13b30156f4c1f9a78fa463a:Vjez2/2D_walkers_entropy.txt
