  100    1    1   0.00000000
  100    1    3   0.00000000
  100    1    5   0.00000000
  100    1    7   0.00000000
  100    1    9   0.00000000
  100    1   11   0.00000000
  100    1   13   0.00000000
  100    1   15   0.00000000
  100    1   17   0.00000000
  100    1   19   0.00000000
  100    1   21   0.00000000
  100    1   23   0.00000000
  100    1   25   0.00000000
  100    1   27   0.00000000
  100    1   29   0.00000000
  100    1   31   0.00000000
  100    1   33   0.00000000
  100    1   35   0.00000000
  100    1   37   0.00000000
  100    1   39   0.00000000
  100    1   41   0.00000000
  100    1   43   0.00000000
  100    1   45   0.00000000
  100    1   47   0.00000000
  100    1   49   0.00000000
  100    1   51   0.00000000
  100    1   53   0.00000000
  100    1   55   0.00000000
  100    1   57   0.00000000
  100    1   59   0.00000000
  100    1   61   0.00000000
  100    1   63   0.00000000
  100    1   65   0.00000000
  100    1   67   0.00000000
  100    1   69   0.00000000
  100    1   71   0.00000000
  100    1   73   0.00000000
  100    1   75   0.00000000
  100    1   77   0.00000000
  100    1   79   0.00000000
  100    1   81   0.00000000
  100    1   83   0.00000000
  100    1   85   0.00000000
  100    1   87   0.00000000
  100    1   89   0.00000000
  100    1   91   0.00000000
  100    1   93   0.00000000
  100    1   95   0.00000000
  100    1   97   0.00000000
  100    1   99   0.00000000
  100    3    1   0.00000000
  100    3    3   0.00000000
  100    3    5   0.00000000
  100    3    7   0.00000000
  100    3    9   0.00000000
  100    3   11   0.00000000
  100    3   13   0.00000000
  100    3   15   0.00000000
  100    3   17   0.00000000
  100    3   19   0.00000000
  100    3   21   0.00000000
  100    3   23   0.00000000
  100    3   25   0.00000000
  100    3   27   0.00000000
  100    3   29   0.00000000
  100    3   31   0.00000000
  100    3   33   0.00000000
  100    3   35   0.00000000
  100    3   37   0.00000000
  100    3   39   0.00000000
  100    3   41   0.00000000
  100    3   43   0.00000000
  100    3   45   0.00000000
  100    3   47   0.00000000
  100    3   49   0.00000000
  100    3   51   0.00000000
  100    3   53   0.00000000
  100    3   55   0.00000000
  100    3   57   0.00000000
  100    3   59   0.00000000
  100    3   61   0.00000000
  100    3   63   0.00000000
  100    3   65   0.00000000
  100    3   67   0.00000000
  100    3   69   0.00000000
  100    3   71   0.00000000
  100    3   73   0.00000000
  100    3   75   0.00000000
  100    3   77   0.00000000
  100    3   79   0.00000000
  100    3   81   0.00000000
  100    3   83   0.00000000
  100    3   85   0.00000000
  100    3   87   0.00000000
  100    3   89   0.00000000
  100    3   91   0.00000000
  100    3   93   0.00000000
  100    3   95   0.00000000
  100    3   97   0.00000000
  100    3   99   0.00000000
  100    5    1   0.00000000
  100    5    3   0.00000000
  100    5    5   0.00000000
  100    5    7   0.00000000
  100    5    9   0.00000000
  100    5   11   0.00000000
  100    5   13   0.00000000
  100    5   15   0.00000000
  100    5   17   0.00000000
  100    5   19   0.00000000
  100    5   21   0.00000000
  100    5   23   0.00000000
  100    5   25   0.00000000
  100    5   27   0.00000000
  100    5   29   0.00000000
  100    5   31   0.00000000
  100    5   33   0.00000000
  100    5   35   0.00000000
  100    5   37   0.00000000
  100    5   39   0.00000000
  100    5   41   0.00000000
  100    5   43   0.00000000
  100    5   45   0.00000000
  100    5   47   0.00000000
  100    5   49   0.00000000
  100    5   51   0.00000000
  100    5   53   0.00000000
  100    5   55   0.00000000
  100    5   57   0.00000000
  100    5   59   0.00000000
  100    5   61   0.00000000
  100    5   63   0.00000000
  100    5   65   0.00000000
  100    5   67   0.00000000
  100    5   69   0.00000000
  100    5   71   0.00000000
  100    5   73   0.00000000
  100    5   75   0.00000000
  100    5   77   0.00000000
  100    5   79   0.00000000
  100    5   81   0.00000000
  100    5   83   0.00000000
  100    5   85   0.00000000
  100    5   87   0.00000000
  100    5   89   0.00000000
  100    5   91   0.00000000
  100    5   93   0.00000000
  100    5   95   0.00000000
  100    5   97   0.00000000
  100    5   99   0.00000000
  100    7    1   0.00000000
  100    7    3   0.00000000
  100    7    5   0.00000000
  100    7    7   0.00000000
  100    7    9   0.00000000
  100    7   11   0.00000000
  100    7   13   0.00000000
  100    7   15   0.00000000
  100    7   17   0.00000000
  100    7   19   0.00000000
  100    7   21   0.00000000
  100    7   23   0.00000000
  100    7   25   0.00000000
  100    7   27   0.00000000
  100    7   29   0.00000000
  100    7   31   0.00000000
  100    7   33   0.00000000
  100    7   35   0.00000000
  100    7   37   0.00000000
  100    7   39   0.00000000
  100    7   41   0.00000000
  100    7   43   0.00000000
  100    7   45   0.00000000
  100    7   47   0.00000000
  100    7   49   0.00000000
  100    7   51   0.00000000
  100    7   53   0.00000000
  100    7   55   0.00000000
  100    7   57   0.00000000
  100    7   59   0.00000000
  100    7   61   0.00000000
  100    7   63   0.00000000
  100    7   65   0.00000000
  100    7   67   0.00000000
  100    7   69   0.00000000
  100    7   71   0.00000000
  100    7   73   0.00000000
  100    7   75   0.00000000
  100    7   77   0.00000000
  100    7   79   0.00000000
  100    7   81   0.00000000
  100    7   83   0.00000000
  100    7   85   0.00000000
  100    7   87   0.00000000
  100    7   89   0.00000000
  100    7   91   0.00000000
  100    7   93   0.00000000
  100    7   95   0.00000000
  100    7   97   0.00000000
  100    7   99   0.00000000
  100    9    1   0.00000000
  100    9    3   0.00000000
  100    9    5   0.00000000
  100    9    7   0.00000000
  100    9    9   0.00000000
  100    9   11   0.00000000
  100    9   13   0.00000000
  100    9   15   0.00000000
  100    9   17   0.00000000
  100    9   19   0.00000000
  100    9   21   0.00000000
  100    9   23   0.00000000
  100    9   25   0.00000000
  100    9   27   0.00000000
  100    9   29   0.00000000
  100    9   31   0.00000000
  100    9   33   0.00000000
  100    9   35   0.00000000
  100    9   37   0.00000000
  100    9   39   0.00000000
  100    9   41   0.00000000
  100    9   43   0.00000000
  100    9   45   0.00000000
  100    9   47   0.00000000
  100    9   49   0.00000000
  100    9   51   0.00000000
  100    9   53   0.00000000
  100    9   55   0.00000000
  100    9   57   0.00000000
  100    9   59   0.00000000
  100    9   61   0.00000000
  100    9   63   0.00000000
  100    9   65   0.00000000
  100    9   67   0.00000000
  100    9   69   0.00000000
  100    9   71   0.00000000
  100    9   73   0.00000000
  100    9   75   0.00000000
  100    9   77   0.00000000
  100    9   79   0.00000000
  100    9   81   0.00000000
  100    9   83   0.00000000
  100    9   85   0.00000000
  100    9   87   0.00000000
  100    9   89   0.00000000
  100    9   91   0.00000000
  100    9   93   0.00000000
  100    9   95   0.00000000
  100    9   97   0.00000000
  100    9   99   0.00000000
  100   11    1   0.00000000
  100   11    3   0.00000000
  100   11    5   0.00000000
  100   11    7   0.00000000
  100   11    9   0.00000000
  100   11   11   0.00000000
  100   11   13   0.00000000
  100   11   15   0.00000000
  100   11   17   0.00000000
  100   11   19   0.00000000
  100   11   21   0.00000000
  100   11   23   0.00000000
  100   11   25   0.00000000
  100   11   27   0.00000000
  100   11   29   0.00000000
  100   11   31   0.00000000
  100   11   33   0.00000000
  100   11   35   0.00000000
  100   11   37   0.00000000
  100   11   39   0.00000000
  100   11   41   0.00000000
  100   11   43   0.00000000
  100   11   45   0.00000000
  100   11   47   0.00000000
  100   11   49   0.00000000
  100   11   51   0.00000000
  100   11   53   0.00000000
  100   11   55   0.00000000
  100   11   57   0.00000000
  100   11   59   0.00000000
  100   11   61   0.00000000
  100   11   63   0.00000000
  100   11   65   0.00000000
  100   11   67   0.00000000
  100   11   69   0.00000000
  100   11   71   0.00000000
  100   11   73   0.00000000
  100   11   75   0.00000000
  100   11   77   0.00000000
  100   11   79   0.00000000
  100   11   81   0.00000000
  100   11   83   0.00000000
  100   11   85   0.00000000
  100   11   87   0.00000000
  100   11   89   0.00000000
  100   11   91   0.00000000
  100   11   93   0.00000000
  100   11   95   0.00000000
  100   11   97   0.00000000
  100   11   99   0.00000000
  100   13    1   0.00000000
  100   13    3   0.00000000
  100   13    5   0.00000000
  100   13    7   0.00000000
  100   13    9   0.00000000
  100   13   11   0.00000000
  100   13   13   0.00000000
  100   13   15   0.00000000
  100   13   17   0.00000000
  100   13   19   0.00000000
  100   13   21   0.00000000
  100   13   23   0.00000000
  100   13   25   0.00000000
  100   13   27   0.00000000
  100   13   29   0.00000000
  100   13   31   0.00000000
  100   13   33   0.00000000
  100   13   35   0.00000000
  100   13   37   0.00000000
  100   13   39   0.00000000
  100   13   41   0.00000000
  100   13   43   0.00000000
  100   13   45   0.00000000
  100   13   47   0.00000000
  100   13   49   0.00000000
  100   13   51   0.00000000
  100   13   53   0.00000000
  100   13   55   0.00000000
  100   13   57   0.00000000
  100   13   59   0.00000000
  100   13   61   0.00000000
  100   13   63   0.00000000
  100   13   65   0.00000000
  100   13   67   0.00000000
  100   13   69   0.00000000
  100   13   71   0.00000000
  100   13   73   0.00000000
  100   13   75   0.00000000
  100   13   77   0.00000000
  100   13   79   0.00000000
  100   13   81   0.00000000
  100   13   83   0.00000000
  100   13   85   0.00000000
  100   13   87   0.00000000
  100   13   89   0.00000000
  100   13   91   0.00000000
  100   13   93   0.00000000
  100   13   95   0.00000000
  100   13   97   0.00000000
  100   13   99   0.00000000
  100   15    1   0.00000000
  100   15    3   0.00000000
  100   15    5   0.00000000
  100   15    7   0.00000000
  100   15    9   0.00000000
  100   15   11   0.00000000
  100   15   13   0.00000000
  100   15   15   0.00000000
  100   15   17   0.00000000
  100   15   19   0.00000000
  100   15   21   0.00000000
  100   15   23   0.00000000
  100   15   25   0.00000000
  100   15   27   0.00000000
  100   15   29   0.00000000
  100   15   31   0.00000000
  100   15   33   0.00000000
  100   15   35   0.00000000
  100   15   37   0.00000000
  100   15   39   0.00000000
  100   15   41   0.00000000
  100   15   43   0.00000000
  100   15   45   0.00000000
  100   15   47   0.00000000
  100   15   49   0.00000000
  100   15   51   0.00000000
  100   15   53   0.00000000
  100   15   55   0.00000000
  100   15   57   0.00000000
  100   15   59   0.00000000
  100   15   61   0.00000000
  100   15   63   0.00000000
  100   15   65   0.00000000
  100   15   67   0.00000000
  100   15   69   0.00000000
  100   15   71   0.00000000
  100   15   73   0.00000000
  100   15   75   0.00000000
  100   15   77   0.00000000
  100   15   79   0.00000000
  100   15   81   0.00000000
  100   15   83   0.00000000
  100   15   85   0.00000000
  100   15   87   0.00000000
  100   15   89   0.00000000
  100   15   91   0.00000000
  100   15   93   0.00000000
  100   15   95   0.00000000
  100   15   97   0.00000000
  100   15   99   0.00000000
  100   17    1   0.00000000
  100   17    3   0.00000000
  100   17    5   0.00000000
  100   17    7   0.00000000
  100   17    9   0.00000000
  100   17   11   0.00000000
  100   17   13   0.00000000
  100   17   15   0.00000000
  100   17   17   0.00000000
  100   17   19   0.00000000
  100   17   21   0.00000000
  100   17   23   0.00000000
  100   17   25   0.00000000
  100   17   27   0.00000000
  100   17   29   0.00000000
  100   17   31   0.00000000
  100   17   33   0.00000000
  100   17   35   0.00000000
  100   17   37   0.00000000
  100   17   39   0.00000000
  100   17   41   0.00000000
  100   17   43   0.00000000
  100   17   45   0.00000000
  100   17   47   0.00000000
  100   17   49   0.00000000
  100   17   51   0.00000000
  100   17   53   0.00000000
  100   17   55   0.00000000
  100   17   57   0.00000000
  100   17   59   0.00000000
  100   17   61   0.00000000
  100   17   63   0.00000000
  100   17   65   0.00000000
  100   17   67   0.00000000
  100   17   69   0.00000000
  100   17   71   0.00000000
  100   17   73   0.00000000
  100   17   75   0.00000000
  100   17   77   0.00000000
  100   17   79   0.00000000
  100   17   81   0.00000000
  100   17   83   0.00000000
  100   17   85   0.00000000
  100   17   87   0.00000000
  100   17   89   0.00000000
  100   17   91   0.00000000
  100   17   93   0.00000000
  100   17   95   0.00000000
  100   17   97   0.00000000
  100   17   99   0.00000000
  100   19    1   0.00000000
  100   19    3   0.00000000
  100   19    5   0.00000000
  100   19    7   0.00000000
  100   19    9   0.00000000
  100   19   11   0.00000000
  100   19   13   0.00000000
  100   19   15   0.00000000
  100   19   17   0.00000000
  100   19   19   0.00000000
  100   19   21   0.00000000
  100   19   23   0.00000000
  100   19   25   0.00000000
  100   19   27   0.00000000
  100   19   29   0.00000000
  100   19   31   0.00000000
  100   19   33   0.00000000
  100   19   35   0.00000000
  100   19   37   0.00000000
  100   19   39   0.00000000
  100   19   41   0.00000000
  100   19   43   0.00000000
  100   19   45   0.00000000
  100   19   47   0.00000000
  100   19   49   0.00000000
  100   19   51   0.00000000
  100   19   53   0.00000000
  100   19   55   0.00000000
  100   19   57   0.00000000
  100   19   59   0.00000000
  100   19   61   0.00000000
  100   19   63   0.00000000
  100   19   65   0.00000000
  100   19   67   0.00000000
  100   19   69   0.00000000
  100   19   71   0.00000000
  100   19   73   0.00000000
  100   19   75   0.00000000
  100   19   77   0.00000000
  100   19   79   0.00000000
  100   19   81   0.00000000
  100   19   83   0.00000000
  100   19   85   0.00000000
  100   19   87   0.00000000
  100   19   89   0.00000000
  100   19   91   0.00000000
  100   19   93   0.00000000
  100   19   95   0.00000000
  100   19   97   0.00000000
  100   19   99   0.00000000
  100   21    1   0.00000000
  100   21    3   0.00000000
  100   21    5   0.00000000
  100   21    7   0.00000000
  100   21    9   0.00000000
  100   21   11   0.00000000
  100   21   13   0.00000000
  100   21   15   0.00000000
  100   21   17   0.00000000
  100   21   19   0.00000000
  100   21   21   0.00000000
  100   21   23   0.00000000
  100   21   25   0.00000000
  100   21   27   0.00000000
  100   21   29   0.00000000
  100   21   31   0.00000000
  100   21   33   0.00000000
  100   21   35   0.00000000
  100   21   37   0.00000000
  100   21   39   0.00000000
  100   21   41   0.00000000
  100   21   43   0.00000000
  100   21   45   0.00000000
  100   21   47   0.00000000
  100   21   49   0.00000000
  100   21   51   0.00000000
  100   21   53   0.00000000
  100   21   55   0.00000000
  100   21   57   0.00000000
  100   21   59   0.00000000
  100   21   61   0.00000000
  100   21   63   0.00000000
  100   21   65   0.00000000
  100   21   67   0.00000000
  100   21   69   0.00000000
  100   21   71   0.00000000
  100   21   73   0.00000000
  100   21   75   0.00000000
  100   21   77   0.00000000
  100   21   79   0.00000000
  100   21   81   0.00000000
  100   21   83   0.00000000
  100   21   85   0.00000000
  100   21   87   0.00000000
  100   21   89   0.00000000
  100   21   91   0.00000000
  100   21   93   0.00000000
  100   21   95   0.00000000
  100   21   97   0.00000000
  100   21   99   0.00000000
  100   23    1   0.00000000
  100   23    3   0.00000000
  100   23    5   0.00000000
  100   23    7   0.00000000
  100   23    9   0.00000000
  100   23   11   0.00000000
  100   23   13   0.00000000
  100   23   15   0.00000000
  100   23   17   0.00000000
  100   23   19   0.00000000
  100   23   21   0.00000000
  100   23   23   0.00000000
  100   23   25   0.00000000
  100   23   27   0.00000000
  100   23   29   0.00000000
  100   23   31   0.00000000
  100   23   33   0.00000000
  100   23   35   0.00000000
  100   23   37   0.00000000
  100   23   39   0.00000000
  100   23   41   0.00000000
  100   23   43   0.00000000
  100   23   45   0.00000000
  100   23   47   0.00000000
  100   23   49   0.00000000
  100   23   51   0.00000000
  100   23   53   0.00000000
  100   23   55   0.00000000
  100   23   57   0.00000000
  100   23   59   0.00000000
  100   23   61   0.00000000
  100   23   63   0.00000000
  100   23   65   0.00000000
  100   23   67   0.00000000
  100   23   69   0.00000000
  100   23   71   0.00000000
  100   23   73   0.00000000
  100   23   75   0.00000000
  100   23   77   0.00000000
  100   23   79   0.00000000
  100   23   81   0.00000000
  100   23   83   0.00000000
  100   23   85   0.00000000
  100   23   87   0.00000000
  100   23   89   0.00000000
  100   23   91   0.00000000
  100   23   93   0.00000000
  100   23   95   0.00000000
  100   23   97   0.00000000
  100   23   99   0.00000000
  100   25    1   0.00000000
  100   25    3   0.00000000
  100   25    5   0.00000000
  100   25    7   0.00000000
  100   25    9   0.00000000
  100   25   11   0.00000000
  100   25   13   0.00000000
  100   25   15   0.00000000
  100   25   17   0.00000000
  100   25   19   0.00000000
  100   25   21   0.00000000
  100   25   23   0.00000000
  100   25   25   0.00000000
  100   25   27   0.00000000
  100   25   29   0.00000000
  100   25   31   0.00000000
  100   25   33   0.00000000
  100   25   35   0.00000000
  100   25   37   0.00000000
  100   25   39   0.00000000
  100   25   41   0.00000000
  100   25   43   0.00000000
  100   25   45   0.00000000
  100   25   47   0.00000000
  100   25   49   0.00000000
  100   25   51   0.00000000
  100   25   53   0.00000000
  100   25   55   0.00000000
  100   25   57   0.00000000
  100   25   59   0.00000000
  100   25   61   0.00000000
  100   25   63   0.00000000
  100   25   65   0.00000000
  100   25   67   0.00000000
  100   25   69   0.00000000
  100   25   71   0.00000000
  100   25   73   0.00000000
  100   25   75   0.00000000
  100   25   77   0.00000000
  100   25   79   0.00000000
  100   25   81   0.00000000
  100   25   83   0.00000000
  100   25   85   0.00000000
  100   25   87   0.00000000
  100   25   89   0.00000000
  100   25   91   0.00000000
  100   25   93   0.00000000
  100   25   95   0.00000000
  100   25   97   0.00000000
  100   25   99   0.00000000
  100   27    1   0.00000000
  100   27    3   0.00000000
  100   27    5   0.00000000
  100   27    7   0.00000000
  100   27    9   0.00000000
  100   27   11   0.00000000
  100   27   13   0.00000000
  100   27   15   0.00000000
  100   27   17   0.00000000
  100   27   19   0.00000000
  100   27   21   0.00000000
  100   27   23   0.00000000
  100   27   25   0.00000000
  100   27   27   0.00000000
  100   27   29   0.00000000
  100   27   31   0.00000000
  100   27   33   0.00000000
  100   27   35   0.00000000
  100   27   37   0.00000000
  100   27   39   0.00000000
  100   27   41   0.00000000
  100   27   43   0.00000000
  100   27   45   0.00000000
  100   27   47   0.00000000
  100   27   49   0.00000000
  100   27   51   0.00000000
  100   27   53   0.00000000
  100   27   55   0.00000000
  100   27   57   0.00000000
  100   27   59   0.00000000
  100   27   61   0.00000000
  100   27   63   0.00000000
  100   27   65   0.00000000
  100   27   67   0.00000000
  100   27   69   0.00000000
  100   27   71   0.00000000
  100   27   73   0.00000000
  100   27   75   0.00000000
  100   27   77   0.00000000
  100   27   79   0.00000000
  100   27   81   0.00000000
  100   27   83   0.00000000
  100   27   85   0.00000000
  100   27   87   0.00000000
  100   27   89   0.00000000
  100   27   91   0.00000000
  100   27   93   0.00000000
  100   27   95   0.00000000
  100   27   97   0.00000000
  100   27   99   0.00000000
  100   29    1   0.00000000
  100   29    3   0.00000000
  100   29    5   0.00000000
  100   29    7   0.00000000
  100   29    9   0.00000000
  100   29   11   0.00000000
  100   29   13   0.00000000
  100   29   15   0.00000000
  100   29   17   0.00000000
  100   29   19   0.00000125
  100   29   21   0.00000000
  100   29   23   0.00000000
  100   29   25   0.00000000
  100   29   27   0.00000000
  100   29   29   0.00000000
  100   29   31   0.00000000
  100   29   33   0.00000000
  100   29   35   0.00000000
  100   29   37   0.00000000
  100   29   39   0.00000000
  100   29   41   0.00000000
  100   29   43   0.00000000
  100   29   45   0.00000000
  100   29   47   0.00000000
  100   29   49   0.00000000
  100   29   51   0.00000000
  100   29   53   0.00000000
  100   29   55   0.00000000
  100   29   57   0.00000000
  100   29   59   0.00000000
  100   29   61   0.00000000
  100   29   63   0.00000000
  100   29   65   0.00000000
  100   29   67   0.00000000
  100   29   69   0.00000000
  100   29   71   0.00000000
  100   29   73   0.00000000
  100   29   75   0.00000000
  100   29   77   0.00000000
  100   29   79   0.00000000
  100   29   81   0.00000000
  100   29   83   0.00000000
  100   29   85   0.00000000
  100   29   87   0.00000000
  100   29   89   0.00000000
  100   29   91   0.00000000
  100   29   93   0.00000000
  100   29   95   0.00000000
  100   29   97   0.00000000
  100   29   99   0.00000000
  100   31    1   0.00000125
  100   31    3   0.00000000
  100   31    5   0.00000000
  100   31    7   0.00000125
  100   31    9   0.00000250
  100   31   11   0.00000125
  100   31   13   0.00000250
  100   31   15   0.00000000
  100   31   17   0.00000125
  100   31   19   0.00000125
  100   31   21   0.00000500
  100   31   23   0.00000125
  100   31   25   0.00000250
  100   31   27   0.00000000
  100   31   29   0.00000500
  100   31   31   0.00000250
  100   31   33   0.00000000
  100   31   35   0.00000000
  100   31   37   0.00000000
  100   31   39   0.00000000
  100   31   41   0.00000000
  100   31   43   0.00000000
  100   31   45   0.00000000
  100   31   47   0.00000000
  100   31   49   0.00000000
  100   31   51   0.00000000
  100   31   53   0.00000000
  100   31   55   0.00000000
  100   31   57   0.00000000
  100   31   59   0.00000000
  100   31   61   0.00000000
  100   31   63   0.00000000
  100   31   65   0.00000000
  100   31   67   0.00000000
  100   31   69   0.00000000
  100   31   71   0.00000000
  100   31   73   0.00000000
  100   31   75   0.00000000
  100   31   77   0.00000000
  100   31   79   0.00000000
  100   31   81   0.00000000
  100   31   83   0.00000000
  100   31   85   0.00000000
  100   31   87   0.00000000
  100   31   89   0.00000000
  100   31   91   0.00000000
  100   31   93   0.00000000
  100   31   95   0.00000000
  100   31   97   0.00000000
  100   31   99   0.00000000
  100   33    1   0.00000125
  100   33    3   0.00000250
  100   33    5   0.00000750
  100   33    7   0.00001000
  100   33    9   0.00001125
  100   33   11   0.00001000
  100   33   13   0.00001125
  100   33   15   0.00000625
  100   33   17   0.00001625
  100   33   19   0.00002000
  100   33   21   0.00001875
  100   33   23   0.00001875
  100   33   25   0.00001875
  100   33   27   0.00001750
  100   33   29   0.00001125
  100   33   31   0.00001000
  100   33   33   0.00001125
  100   33   35   0.00000750
  100   33   37   0.00000125
  100   33   39   0.00000125
  100   33   41   0.00000125
  100   33   43   0.00000250
  100   33   45   0.00000000
  100   33   47   0.00000000
  100   33   49   0.00000000
  100   33   51   0.00000000
  100   33   53   0.00000000
  100   33   55   0.00000000
  100   33   57   0.00000000
  100   33   59   0.00000000
  100   33   61   0.00000000
  100   33   63   0.00000000
  100   33   65   0.00000000
  100   33   67   0.00000000
  100   33   69   0.00000000
  100   33   71   0.00000000
  100   33   73   0.00000000
  100   33   75   0.00000000
  100   33   77   0.00000000
  100   33   79   0.00000000
  100   33   81   0.00000000
  100   33   83   0.00000000
  100   33   85   0.00000000
  100   33   87   0.00000000
  100   33   89   0.00000000
  100   33   91   0.00000000
  100   33   93   0.00000000
  100   33   95   0.00000000
  100   33   97   0.00000000
  100   33   99   0.00000000
  100   35    1   0.00001125
  100   35    3   0.00002375
  100   35    5   0.00002750
  100   35    7   0.00004000
  100   35    9   0.00004500
  100   35   11   0.00006625
  100   35   13   0.00008000
  100   35   15   0.00010125
  100   35   17   0.00009375
  100   35   19   0.00010625
  100   35   21   0.00007500
  100   35   23   0.00009500
  100   35   25   0.00006500
  100   35   27   0.00009000
  100   35   29   0.00006625
  100   35   31   0.00004250
  100   35   33   0.00002750
  100   35   35   0.00003125
  100   35   37   0.00001750
  100   35   39   0.00001125
  100   35   41   0.00000500
  100   35   43   0.00000125
  100   35   45   0.00000125
  100   35   47   0.00000000
  100   35   49   0.00000125
  100   35   51   0.00000000
  100   35   53   0.00000000
  100   35   55   0.00000000
  100   35   57   0.00000000
  100   35   59   0.00000000
  100   35   61   0.00000000
  100   35   63   0.00000000
  100   35   65   0.00000000
  100   35   67   0.00000000
  100   35   69   0.00000000
  100   35   71   0.00000000
  100   35   73   0.00000000
  100   35   75   0.00000000
  100   35   77   0.00000000
  100   35   79   0.00000000
  100   35   81   0.00000000
  100   35   83   0.00000000
  100   35   85   0.00000000
  100   35   87   0.00000000
  100   35   89   0.00000000
  100   35   91   0.00000000
  100   35   93   0.00000000
  100   35   95   0.00000000
  100   35   97   0.00000000
  100   35   99   0.00000000
  100   37    1   0.00004125
  100   37    3   0.00008875
  100   37    5   0.00010750
  100   37    7   0.00013000
  100   37    9   0.00020375
  100   37   11   0.00020500
  100   37   13   0.00024375
  100   37   15   0.00028125
  100   37   17   0.00030875
  100   37   19   0.00035875
  100   37   21   0.00031375
  100   37   23   0.00033125
  100   37   25   0.00027250
  100   37   27   0.00025375
  100   37   29   0.00022625
  100   37   31   0.00015750
  100   37   33   0.00009875
  100   37   35   0.00009000
  100   37   37   0.00006375
  100   37   39   0.00003500
  100   37   41   0.00003375
  100   37   43   0.00000875
  100   37   45   0.00000875
  100   37   47   0.00000500
  100   37   49   0.00000125
  100   37   51   0.00000125
  100   37   53   0.00000000
  100   37   55   0.00000000
  100   37   57   0.00000000
  100   37   59   0.00000000
  100   37   61   0.00000000
  100   37   63   0.00000000
  100   37   65   0.00000000
  100   37   67   0.00000000
  100   37   69   0.00000000
  100   37   71   0.00000000
  100   37   73   0.00000000
  100   37   75   0.00000000
  100   37   77   0.00000000
  100   37   79   0.00000000
  100   37   81   0.00000000
  100   37   83   0.00000000
  100   37   85   0.00000000
  100   37   87   0.00000000
  100   37   89   0.00000000
  100   37   91   0.00000000
  100   37   93   0.00000000
  100   37   95   0.00000000
  100   37   97   0.00000000
  100   37   99   0.00000000
  100   39    1   0.00011875
  100   39    3   0.00017875
  100   39    5   0.00025125
  100   39    7   0.00029750
  100   39    9   0.00041875
  100   39   11   0.00048250
  100   39   13   0.00058250
  100   39   15   0.00070750
  100   39   17   0.00077500
  100   39   19   0.00071125
  100   39   21   0.00086250
  100   39   23   0.00075250
  100   39   25   0.00067125
  100   39   27   0.00061000
  100   39   29   0.00048750
  100   39   31   0.00041500
  100   39   33   0.00029875
  100   39   35   0.00019375
  100   39   37   0.00013500
  100   39   39   0.00009500
  100   39   41   0.00007000
  100   39   43   0.00003125
  100   39   45   0.00002125
  100   39   47   0.00000875
  100   39   49   0.00000625
  100   39   51   0.00000375
  100   39   53   0.00000000
  100   39   55   0.00000000
  100   39   57   0.00000000
  100   39   59   0.00000000
  100   39   61   0.00000000
  100   39   63   0.00000000
  100   39   65   0.00000000
  100   39   67   0.00000000
  100   39   69   0.00000000
  100   39   71   0.00000000
  100   39   73   0.00000000
  100   39   75   0.00000000
  100   39   77   0.00000000
  100   39   79   0.00000000
  100   39   81   0.00000000
  100   39   83   0.00000000
  100   39   85   0.00000000
  100   39   87   0.00000000
  100   39   89   0.00000000
  100   39   91   0.00000000
  100   39   93   0.00000000
  100   39   95   0.00000000
  100   39   97   0.00000000
  100   39   99   0.00000000
  100   41    1   0.00019500
  100   41    3   0.00034125
  100   41    5   0.00043375
  100   41    7   0.00057750
  100   41    9   0.00068125
  100   41   11   0.00084875
  100   41   13   0.00100125
  100   41   15   0.00118500
  100   41   17   0.00127500
  100   41   19   0.00130750
  100   41   21   0.00133250
  100   41   23   0.00135000
  100   41   25   0.00114625
  100   41   27   0.00110750
  100   41   29   0.00082500
  100   41   31   0.00067500
  100   41   33   0.00050250
  100   41   35   0.00036625
  100   41   37   0.00025875
  100   41   39   0.00017125
  100   41   41   0.00011250
  100   41   43   0.00006125
  100   41   45   0.00002875
  100   41   47   0.00002375
  100   41   49   0.00000250
  100   41   51   0.00000375
  100   41   53   0.00000000
  100   41   55   0.00000125
  100   41   57   0.00000000
  100   41   59   0.00000000
  100   41   61   0.00000000
  100   41   63   0.00000000
  100   41   65   0.00000000
  100   41   67   0.00000000
  100   41   69   0.00000000
  100   41   71   0.00000000
  100   41   73   0.00000000
  100   41   75   0.00000000
  100   41   77   0.00000000
  100   41   79   0.00000000
  100   41   81   0.00000000
  100   41   83   0.00000000
  100   41   85   0.00000000
  100   41   87   0.00000000
  100   41   89   0.00000000
  100   41   91   0.00000000
  100   41   93   0.00000000
  100   41   95   0.00000000
  100   41   97   0.00000000
  100   41   99   0.00000000
  100   43    1   0.00027750
  100   43    3   0.00048750
  100   43    5   0.00054125
  100   43    7   0.00069000
  100   43    9   0.00089750
  100   43   11   0.00117875
  100   43   13   0.00139000
  100   43   15   0.00154500
  100   43   17   0.00175250
  100   43   19   0.00182875
  100   43   21   0.00191125
  100   43   23   0.00173250
  100   43   25   0.00152625
  100   43   27   0.00136875
  100   43   29   0.00112625
  100   43   31   0.00090375
  100   43   33   0.00068500
  100   43   35   0.00048250
  100   43   37   0.00035250
  100   43   39   0.00022250
  100   43   41   0.00014375
  100   43   43   0.00008000
  100   43   45   0.00003125
  100   43   47   0.00002875
  100   43   49   0.00000875
  100   43   51   0.00000125
  100   43   53   0.00000375
  100   43   55   0.00000000
  100   43   57   0.00000000
  100   43   59   0.00000000
  100   43   61   0.00000000
  100   43   63   0.00000000
  100   43   65   0.00000000
  100   43   67   0.00000000
  100   43   69   0.00000000
  100   43   71   0.00000000
  100   43   73   0.00000000
  100   43   75   0.00000000
  100   43   77   0.00000000
  100   43   79   0.00000000
  100   43   81   0.00000000
  100   43   83   0.00000000
  100   43   85   0.00000000
  100   43   87   0.00000000
  100   43   89   0.00000000
  100   43   91   0.00000000
  100   43   93   0.00000000
  100   43   95   0.00000000
  100   43   97   0.00000000
  100   43   99   0.00000000
  100   45    1   0.00028125
  100   45    3   0.00048875
  100   45    5   0.00059500
  100   45    7   0.00083625
  100   45    9   0.00104750
  100   45   11   0.00133375
  100   45   13   0.00158000
  100   45   15   0.00175625
  100   45   17   0.00190000
  100   45   19   0.00207000
  100   45   21   0.00197750
  100   45   23   0.00202375
  100   45   25   0.00177125
  100   45   27   0.00151500
  100   45   29   0.00122750
  100   45   31   0.00108250
  100   45   33   0.00077000
  100   45   35   0.00053250
  100   45   37   0.00033750
  100   45   39   0.00025750
  100   45   41   0.00017750
  100   45   43   0.00008875
  100   45   45   0.00004875
  100   45   47   0.00003125
  100   45   49   0.00001125
  100   45   51   0.00000250
  100   45   53   0.00000625
  100   45   55   0.00000250
  100   45   57   0.00000000
  100   45   59   0.00000000
  100   45   61   0.00000000
  100   45   63   0.00000000
  100   45   65   0.00000000
  100   45   67   0.00000000
  100   45   69   0.00000000
  100   45   71   0.00000000
  100   45   73   0.00000000
  100   45   75   0.00000000
  100   45   77   0.00000000
  100   45   79   0.00000000
  100   45   81   0.00000000
  100   45   83   0.00000000
  100   45   85   0.00000000
  100   45   87   0.00000000
  100   45   89   0.00000000
  100   45   91   0.00000000
  100   45   93   0.00000000
  100   45   95   0.00000000
  100   45   97   0.00000000
  100   45   99   0.00000000
  100   47    1   0.00030125
  100   47    3   0.00053750
  100   47    5   0.00061750
  100   47    7   0.00084250
  100   47    9   0.00111000
  100   47   11   0.00133625
  100   47   13   0.00158750
  100   47   15   0.00192625
  100   47   17   0.00210625
  100   47   19   0.00214625
  100   47   21   0.00212500
  100   47   23   0.00204000
  100   47   25   0.00189375
  100   47   27   0.00165125
  100   47   29   0.00136875
  100   47   31   0.00105125
  100   47   33   0.00081000
  100   47   35   0.00060625
  100   47   37   0.00037750
  100   47   39   0.00023625
  100   47   41   0.00014000
  100   47   43   0.00008625
  100   47   45   0.00005875
  100   47   47   0.00003250
  100   47   49   0.00001125
  100   47   51   0.00000625
  100   47   53   0.00000125
  100   47   55   0.00000000
  100   47   57   0.00000000
  100   47   59   0.00000000
  100   47   61   0.00000000
  100   47   63   0.00000000
  100   47   65   0.00000000
  100   47   67   0.00000000
  100   47   69   0.00000000
  100   47   71   0.00000000
  100   47   73   0.00000000
  100   47   75   0.00000000
  100   47   77   0.00000000
  100   47   79   0.00000000
  100   47   81   0.00000000
  100   47   83   0.00000000
  100   47   85   0.00000000
  100   47   87   0.00000000
  100   47   89   0.00000000
  100   47   91   0.00000000
  100   47   93   0.00000000
  100   47   95   0.00000000
  100   47   97   0.00000000
  100   47   99   0.00000000
  100   49    1   0.00029250
  100   49    3   0.00049625
  100   49    5   0.00067500
  100   49    7   0.00084875
  100   49    9   0.00105000
  100   49   11   0.00133500
  100   49   13   0.00167750
  100   49   15   0.00194625
  100   49   17   0.00202625
  100   49   19   0.00222875
  100   49   21   0.00217000
  100   49   23   0.00202125
  100   49   25   0.00185750
  100   49   27   0.00156125
  100   49   29   0.00133875
  100   49   31   0.00104000
  100   49   33   0.00077750
  100   49   35   0.00057250
  100   49   37   0.00040000
  100   49   39   0.00023875
  100   49   41   0.00014875
  100   49   43   0.00010625
  100   49   45   0.00005500
  100   49   47   0.00002375
  100   49   49   0.00000750
  100   49   51   0.00000500
  100   49   53   0.00000250
  100   49   55   0.00000125
  100   49   57   0.00000000
  100   49   59   0.00000000
  100   49   61   0.00000000
  100   49   63   0.00000000
  100   49   65   0.00000000
  100   49   67   0.00000000
  100   49   69   0.00000000
  100   49   71   0.00000000
  100   49   73   0.00000000
  100   49   75   0.00000000
  100   49   77   0.00000000
  100   49   79   0.00000000
  100   49   81   0.00000000
  100   49   83   0.00000000
  100   49   85   0.00000000
  100   49   87   0.00000000
  100   49   89   0.00000000
  100   49   91   0.00000000
  100   49   93   0.00000000
  100   49   95   0.00000000
  100   49   97   0.00000000
  100   49   99   0.00000000
  100   51    1   0.00030500
  100   51    3   0.00052875
  100   51    5   0.00064000
  100   51    7   0.00087500
  100   51    9   0.00106250
  100   51   11   0.00137875
  100   51   13   0.00160875
  100   51   15   0.00186500
  100   51   17   0.00196625
  100   51   19   0.00214625
  100   51   21   0.00213375
  100   51   23   0.00205625
  100   51   25   0.00190625
  100   51   27   0.00164250
  100   51   29   0.00128375
  100   51   31   0.00110250
  100   51   33   0.00076250
  100   51   35   0.00063000
  100   51   37   0.00038250
  100   51   39   0.00025625
  100   51   41   0.00014000
  100   51   43   0.00008625
  100   51   45   0.00005250
  100   51   47   0.00002625
  100   51   49   0.00001375
  100   51   51   0.00000750
  100   51   53   0.00000375
  100   51   55   0.00000000
  100   51   57   0.00000000
  100   51   59   0.00000000
  100   51   61   0.00000000
  100   51   63   0.00000000
  100   51   65   0.00000000
  100   51   67   0.00000000
  100   51   69   0.00000000
  100   51   71   0.00000000
  100   51   73   0.00000000
  100   51   75   0.00000000
  100   51   77   0.00000000
  100   51   79   0.00000000
  100   51   81   0.00000000
  100   51   83   0.00000000
  100   51   85   0.00000000
  100   51   87   0.00000000
  100   51   89   0.00000000
  100   51   91   0.00000000
  100   51   93   0.00000000
  100   51   95   0.00000000
  100   51   97   0.00000000
  100   51   99   0.00000000
  100   53    1   0.00029125
  100   53    3   0.00048625
  100   53    5   0.00064750
  100   53    7   0.00081125
  100   53    9   0.00106250
  100   53   11   0.00129625
  100   53   13   0.00156500
  100   53   15   0.00185000
  100   53   17   0.00201625
  100   53   19   0.00211625
  100   53   21   0.00215500
  100   53   23   0.00200250
  100   53   25   0.00180000
  100   53   27   0.00165375
  100   53   29   0.00128375
  100   53   31   0.00110000
  100   53   33   0.00080750
  100   53   35   0.00056250
  100   53   37   0.00038250
  100   53   39   0.00025750
  100   53   41   0.00018250
  100   53   43   0.00008250
  100   53   45   0.00005000
  100   53   47   0.00002125
  100   53   49   0.00001250
  100   53   51   0.00000625
  100   53   53   0.00000125
  100   53   55   0.00000000
  100   53   57   0.00000125
  100   53   59   0.00000000
  100   53   61   0.00000000
  100   53   63   0.00000000
  100   53   65   0.00000000
  100   53   67   0.00000000
  100   53   69   0.00000000
  100   53   71   0.00000000
  100   53   73   0.00000000
  100   53   75   0.00000000
  100   53   77   0.00000000
  100   53   79   0.00000000
  100   53   81   0.00000000
  100   53   83   0.00000000
  100   53   85   0.00000000
  100   53   87   0.00000000
  100   53   89   0.00000000
  100   53   91   0.00000000
  100   53   93   0.00000000
  100   53   95   0.00000000
  100   53   97   0.00000000
  100   53   99   0.00000000
  100   55    1   0.00028375
  100   55    3   0.00052000
  100   55    5   0.00060250
  100   55    7   0.00078625
  100   55    9   0.00102750
  100   55   11   0.00128375
  100   55   13   0.00156500
  100   55   15   0.00179375
  100   55   17   0.00197250
  100   55   19   0.00205500
  100   55   21   0.00212250
  100   55   23   0.00199250
  100   55   25   0.00180625
  100   55   27   0.00151750
  100   55   29   0.00124625
  100   55   31   0.00100875
  100   55   33   0.00079750
  100   55   35   0.00051875
  100   55   37   0.00037375
  100   55   39   0.00024625
  100   55   41   0.00012125
  100   55   43   0.00009125
  100   55   45   0.00005375
  100   55   47   0.00003250
  100   55   49   0.00001125
  100   55   51   0.00000250
  100   55   53   0.00000500
  100   55   55   0.00000000
  100   55   57   0.00000125
  100   55   59   0.00000000
  100   55   61   0.00000000
  100   55   63   0.00000000
  100   55   65   0.00000000
  100   55   67   0.00000000
  100   55   69   0.00000000
  100   55   71   0.00000000
  100   55   73   0.00000000
  100   55   75   0.00000000
  100   55   77   0.00000000
  100   55   79   0.00000000
  100   55   81   0.00000000
  100   55   83   0.00000000
  100   55   85   0.00000000
  100   55   87   0.00000000
  100   55   89   0.00000000
  100   55   91   0.00000000
  100   55   93   0.00000000
  100   55   95   0.00000000
  100   55   97   0.00000000
  100   55   99   0.00000000
  100   57    1   0.00026750
  100   57    3   0.00044500
  100   57    5   0.00053500
  100   57    7   0.00074250
  100   57    9   0.00090875
  100   57   11   0.00118375
  100   57   13   0.00129875
  100   57   15   0.00153750
  100   57   17   0.00173750
  100   57   19   0.00183500
  100   57   21   0.00187875
  100   57   23   0.00176375
  100   57   25   0.00159875
  100   57   27   0.00135500
  100   57   29   0.00114375
  100   57   31   0.00085875
  100   57   33   0.00068000
  100   57   35   0.00049000
  100   57   37   0.00035875
  100   57   39   0.00023125
  100   57   41   0.00014750
  100   57   43   0.00007750
  100   57   45   0.00004125
  100   57   47   0.00002125
  100   57   49   0.00001750
  100   57   51   0.00000500
  100   57   53   0.00000125
  100   57   55   0.00000250
  100   57   57   0.00000000
  100   57   59   0.00000000
  100   57   61   0.00000000
  100   57   63   0.00000000
  100   57   65   0.00000000
  100   57   67   0.00000000
  100   57   69   0.00000000
  100   57   71   0.00000000
  100   57   73   0.00000000
  100   57   75   0.00000000
  100   57   77   0.00000000
  100   57   79   0.00000000
  100   57   81   0.00000000
  100   57   83   0.00000000
  100   57   85   0.00000000
  100   57   87   0.00000000
  100   57   89   0.00000000
  100   57   91   0.00000000
  100   57   93   0.00000000
  100   57   95   0.00000000
  100   57   97   0.00000000
  100   57   99   0.00000000
  100   59    1   0.00019250
  100   59    3   0.00035500
  100   59    5   0.00042625
  100   59    7   0.00051000
  100   59    9   0.00064875
  100   59   11   0.00080000
  100   59   13   0.00104000
  100   59   15   0.00119250
  100   59   17   0.00134375
  100   59   19   0.00131500
  100   59   21   0.00136375
  100   59   23   0.00133625
  100   59   25   0.00120250
  100   59   27   0.00104875
  100   59   29   0.00090500
  100   59   31   0.00067000
  100   59   33   0.00047875
  100   59   35   0.00037000
  100   59   37   0.00024750
  100   59   39   0.00017250
  100   59   41   0.00011250
  100   59   43   0.00006750
  100   59   45   0.00004375
  100   59   47   0.00001875
  100   59   49   0.00001500
  100   59   51   0.00000250
  100   59   53   0.00000500
  100   59   55   0.00000000
  100   59   57   0.00000000
  100   59   59   0.00000125
  100   59   61   0.00000000
  100   59   63   0.00000000
  100   59   65   0.00000000
  100   59   67   0.00000000
  100   59   69   0.00000000
  100   59   71   0.00000000
  100   59   73   0.00000000
  100   59   75   0.00000000
  100   59   77   0.00000000
  100   59   79   0.00000000
  100   59   81   0.00000000
  100   59   83   0.00000000
  100   59   85   0.00000000
  100   59   87   0.00000000
  100   59   89   0.00000000
  100   59   91   0.00000000
  100   59   93   0.00000000
  100   59   95   0.00000000
  100   59   97   0.00000000
  100   59   99   0.00000000
  100   61    1   0.00010625
  100   61    3   0.00022375
  100   61    5   0.00023125
  100   61    7   0.00030500
  100   61    9   0.00042750
  100   61   11   0.00055625
  100   61   13   0.00062125
  100   61   15   0.00068000
  100   61   17   0.00072875
  100   61   19   0.00081875
  100   61   21   0.00082500
  100   61   23   0.00075375
  100   61   25   0.00068250
  100   61   27   0.00057750
  100   61   29   0.00052500
  100   61   31   0.00042625
  100   61   33   0.00029750
  100   61   35   0.00024000
  100   61   37   0.00014500
  100   61   39   0.00009750
  100   61   41   0.00005750
  100   61   43   0.00003375
  100   61   45   0.00002750
  100   61   47   0.00000750
  100   61   49   0.00000375
  100   61   51   0.00000125
  100   61   53   0.00000000
  100   61   55   0.00000000
  100   61   57   0.00000000
  100   61   59   0.00000000
  100   61   61   0.00000000
  100   61   63   0.00000000
  100   61   65   0.00000000
  100   61   67   0.00000000
  100   61   69   0.00000000
  100   61   71   0.00000000
  100   61   73   0.00000000
  100   61   75   0.00000000
  100   61   77   0.00000000
  100   61   79   0.00000000
  100   61   81   0.00000000
  100   61   83   0.00000000
  100   61   85   0.00000000
  100   61   87   0.00000000
  100   61   89   0.00000000
  100   61   91   0.00000000
  100   61   93   0.00000000
  100   61   95   0.00000000
  100   61   97   0.00000000
  100   61   99   0.00000000
  100   63    1   0.00006500
  100   63    3   0.00006000
  100   63    5   0.00010250
  100   63    7   0.00012375
  100   63    9   0.00015750
  100   63   11   0.00021250
  100   63   13   0.00025000
  100   63   15   0.00027750
  100   63   17   0.00033125
  100   63   19   0.00035000
  100   63   21   0.00033125
  100   63   23   0.00033000
  100   63   25   0.00026875
  100   63   27   0.00027000
  100   63   29   0.00021500
  100   63   31   0.00017125
  100   63   33   0.00009875
  100   63   35   0.00008750
  100   63   37   0.00006125
  100   63   39   0.00003750
  100   63   41   0.00002750
  100   63   43   0.00001125
  100   63   45   0.00000500
  100   63   47   0.00000625
  100   63   49   0.00000250
  100   63   51   0.00000000
  100   63   53   0.00000000
  100   63   55   0.00000000
  100   63   57   0.00000000
  100   63   59   0.00000000
  100   63   61   0.00000000
  100   63   63   0.00000000
  100   63   65   0.00000000
  100   63   67   0.00000000
  100   63   69   0.00000000
  100   63   71   0.00000000
  100   63   73   0.00000000
  100   63   75   0.00000000
  100   63   77   0.00000000
  100   63   79   0.00000000
  100   63   81   0.00000000
  100   63   83   0.00000000
  100   63   85   0.00000000
  100   63   87   0.00000000
  100   63   89   0.00000000
  100   63   91   0.00000000
  100   63   93   0.00000000
  100   63   95   0.00000000
  100   63   97   0.00000000
  100   63   99   0.00000000
  100   65    1   0.00001250
  100   65    3   0.00002500
  100   65    5   0.00003250
  100   65    7   0.00004000
  100   65    9   0.00004750
  100   65   11   0.00007875
  100   65   13   0.00008000
  100   65   15   0.00007750
  100   65   17   0.00010875
  100   65   19   0.00010375
  100   65   21   0.00009000
  100   65   23   0.00008000
  100   65   25   0.00008375
  100   65   27   0.00006625
  100   65   29   0.00006000
  100   65   31   0.00005500
  100   65   33   0.00003750
  100   65   35   0.00002500
  100   65   37   0.00001625
  100   65   39   0.00001250
  100   65   41   0.00000375
  100   65   43   0.00000375
  100   65   45   0.00000000
  100   65   47   0.00000000
  100   65   49   0.00000125
  100   65   51   0.00000000
  100   65   53   0.00000000
  100   65   55   0.00000000
  100   65   57   0.00000000
  100   65   59   0.00000000
  100   65   61   0.00000000
  100   65   63   0.00000000
  100   65   65   0.00000000
  100   65   67   0.00000000
  100   65   69   0.00000000
  100   65   71   0.00000000
  100   65   73   0.00000000
  100   65   75   0.00000000
  100   65   77   0.00000000
  100   65   79   0.00000000
  100   65   81   0.00000000
  100   65   83   0.00000000
  100   65   85   0.00000000
  100   65   87   0.00000000
  100   65   89   0.00000000
  100   65   91   0.00000000
  100   65   93   0.00000000
  100   65   95   0.00000000
  100   65   97   0.00000000
  100   65   99   0.00000000
  100   67    1   0.00000250
  100   67    3   0.00000375
  100   67    5   0.00000375
  100   67    7   0.00001500
  100   67    9   0.00001000
  100   67   11   0.00001000
  100   67   13   0.00001125
  100   67   15   0.00001375
  100   67   17   0.00002500
  100   67   19   0.00001375
  100   67   21   0.00002625
  100   67   23   0.00001750
  100   67   25   0.00001500
  100   67   27   0.00001125
  100   67   29   0.00001500
  100   67   31   0.00001000
  100   67   33   0.00000375
  100   67   35   0.00000125
  100   67   37   0.00000250
  100   67   39   0.00000125
  100   67   41   0.00000375
  100   67   43   0.00000000
  100   67   45   0.00000000
  100   67   47   0.00000000
  100   67   49   0.00000000
  100   67   51   0.00000125
  100   67   53   0.00000000
  100   67   55   0.00000000
  100   67   57   0.00000000
  100   67   59   0.00000000
  100   67   61   0.00000000
  100   67   63   0.00000000
  100   67   65   0.00000000
  100   67   67   0.00000000
  100   67   69   0.00000000
  100   67   71   0.00000000
  100   67   73   0.00000000
  100   67   75   0.00000000
  100   67   77   0.00000000
  100   67   79   0.00000000
  100   67   81   0.00000000
  100   67   83   0.00000000
  100   67   85   0.00000000
  100   67   87   0.00000000
  100   67   89   0.00000000
  100   67   91   0.00000000
  100   67   93   0.00000000
  100   67   95   0.00000000
  100   67   97   0.00000000
  100   67   99   0.00000000
  100   69    1   0.00000000
  100   69    3   0.00000125
  100   69    5   0.00000375
  100   69    7   0.00000125
  100   69    9   0.00000125
  100   69   11   0.00000000
  100   69   13   0.00000375
  100   69   15   0.00000125
  100   69   17   0.00000000
  100   69   19   0.00000125
  100   69   21   0.00000250
  100   69   23   0.00000000
  100   69   25   0.00000250
  100   69   27   0.00000250
  100   69   29   0.00000125
  100   69   31   0.00000375
  100   69   33   0.00000000
  100   69   35   0.00000000
  100   69   37   0.00000000
  100   69   39   0.00000000
  100   69   41   0.00000000
  100   69   43   0.00000000
  100   69   45   0.00000000
  100   69   47   0.00000000
  100   69   49   0.00000000
  100   69   51   0.00000000
  100   69   53   0.00000000
  100   69   55   0.00000000
  100   69   57   0.00000000
  100   69   59   0.00000000
  100   69   61   0.00000000
  100   69   63   0.00000000
  100   69   65   0.00000000
  100   69   67   0.00000000
  100   69   69   0.00000000
  100   69   71   0.00000000
  100   69   73   0.00000000
  100   69   75   0.00000000
  100   69   77   0.00000000
  100   69   79   0.00000000
  100   69   81   0.00000000
  100   69   83   0.00000000
  100   69   85   0.00000000
  100   69   87   0.00000000
  100   69   89   0.00000000
  100   69   91   0.00000000
  100   69   93   0.00000000
  100   69   95   0.00000000
  100   69   97   0.00000000
  100   69   99   0.00000000
  100   71    1   0.00000000
  100   71    3   0.00000000
  100   71    5   0.00000000
  100   71    7   0.00000000
  100   71    9   0.00000000
  100   71   11   0.00000000
  100   71   13   0.00000125
  100   71   15   0.00000000
  100   71   17   0.00000000
  100   71   19   0.00000000
  100   71   21   0.00000000
  100   71   23   0.00000000
  100   71   25   0.00000000
  100   71   27   0.00000125
  100   71   29   0.00000000
  100   71   31   0.00000125
  100   71   33   0.00000000
  100   71   35   0.00000000
  100   71   37   0.00000000
  100   71   39   0.00000000
  100   71   41   0.00000000
  100   71   43   0.00000000
  100   71   45   0.00000000
  100   71   47   0.00000000
  100   71   49   0.00000000
  100   71   51   0.00000000
  100   71   53   0.00000000
  100   71   55   0.00000000
  100   71   57   0.00000000
  100   71   59   0.00000000
  100   71   61   0.00000000
  100   71   63   0.00000000
  100   71   65   0.00000000
  100   71   67   0.00000000
  100   71   69   0.00000000
  100   71   71   0.00000000
  100   71   73   0.00000000
  100   71   75   0.00000000
  100   71   77   0.00000000
  100   71   79   0.00000000
  100   71   81   0.00000000
  100   71   83   0.00000000
  100   71   85   0.00000000
  100   71   87   0.00000000
  100   71   89   0.00000000
  100   71   91   0.00000000
  100   71   93   0.00000000
  100   71   95   0.00000000
  100   71   97   0.00000000
  100   71   99   0.00000000
  100   73    1   0.00000000
  100   73    3   0.00000000
  100   73    5   0.00000000
  100   73    7   0.00000000
  100   73    9   0.00000000
  100   73   11   0.00000000
  100   73   13   0.00000000
  100   73   15   0.00000000
  100   73   17   0.00000000
  100   73   19   0.00000000
  100   73   21   0.00000000
  100   73   23   0.00000000
  100   73   25   0.00000000
  100   73   27   0.00000000
  100   73   29   0.00000000
  100   73   31   0.00000000
  100   73   33   0.00000000
  100   73   35   0.00000000
  100   73   37   0.00000000
  100   73   39   0.00000000
  100   73   41   0.00000000
  100   73   43   0.00000000
  100   73   45   0.00000000
  100   73   47   0.00000000
  100   73   49   0.00000000
  100   73   51   0.00000000
  100   73   53   0.00000000
  100   73   55   0.00000000
  100   73   57   0.00000000
  100   73   59   0.00000000
  100   73   61   0.00000000
  100   73   63   0.00000000
  100   73   65   0.00000000
  100   73   67   0.00000000
  100   73   69   0.00000000
  100   73   71   0.00000000
  100   73   73   0.00000000
  100   73   75   0.00000000
  100   73   77   0.00000000
  100   73   79   0.00000000
  100   73   81   0.00000000
  100   73   83   0.00000000
  100   73   85   0.00000000
  100   73   87   0.00000000
  100   73   89   0.00000000
  100   73   91   0.00000000
  100   73   93   0.00000000
  100   73   95   0.00000000
  100   73   97   0.00000000
  100   73   99   0.00000000
  100   75    1   0.00000000
  100   75    3   0.00000000
  100   75    5   0.00000000
  100   75    7   0.00000000
  100   75    9   0.00000000
  100   75   11   0.00000000
  100   75   13   0.00000000
  100   75   15   0.00000000
  100   75   17   0.00000000
  100   75   19   0.00000000
  100   75   21   0.00000000
  100   75   23   0.00000000
  100   75   25   0.00000000
  100   75   27   0.00000000
  100   75   29   0.00000000
  100   75   31   0.00000000
  100   75   33   0.00000000
  100   75   35   0.00000000
  100   75   37   0.00000000
  100   75   39   0.00000000
  100   75   41   0.00000000
  100   75   43   0.00000000
  100   75   45   0.00000000
  100   75   47   0.00000000
  100   75   49   0.00000000
  100   75   51   0.00000000
  100   75   53   0.00000000
  100   75   55   0.00000000
  100   75   57   0.00000000
  100   75   59   0.00000000
  100   75   61   0.00000000
  100   75   63   0.00000000
  100   75   65   0.00000000
  100   75   67   0.00000000
  100   75   69   0.00000000
  100   75   71   0.00000000
  100   75   73   0.00000000
  100   75   75   0.00000000
  100   75   77   0.00000000
  100   75   79   0.00000000
  100   75   81   0.00000000
  100   75   83   0.00000000
  100   75   85   0.00000000
  100   75   87   0.00000000
  100   75   89   0.00000000
  100   75   91   0.00000000
  100   75   93   0.00000000
  100   75   95   0.00000000
  100   75   97   0.00000000
  100   75   99   0.00000000
  100   77    1   0.00000000
  100   77    3   0.00000000
  100   77    5   0.00000000
  100   77    7   0.00000000
  100   77    9   0.00000000
  100   77   11   0.00000000
  100   77   13   0.00000000
  100   77   15   0.00000000
  100   77   17   0.00000000
  100   77   19   0.00000000
  100   77   21   0.00000000
  100   77   23   0.00000000
  100   77   25   0.00000000
  100   77   27   0.00000000
  100   77   29   0.00000000
  100   77   31   0.00000000
  100   77   33   0.00000000
  100   77   35   0.00000000
  100   77   37   0.00000000
  100   77   39   0.00000000
  100   77   41   0.00000000
  100   77   43   0.00000000
  100   77   45   0.00000000
  100   77   47   0.00000000
  100   77   49   0.00000000
  100   77   51   0.00000000
  100   77   53   0.00000000
  100   77   55   0.00000000
  100   77   57   0.00000000
  100   77   59   0.00000000
  100   77   61   0.00000000
  100   77   63   0.00000000
  100   77   65   0.00000000
  100   77   67   0.00000000
  100   77   69   0.00000000
  100   77   71   0.00000000
  100   77   73   0.00000000
  100   77   75   0.00000000
  100   77   77   0.00000000
  100   77   79   0.00000000
  100   77   81   0.00000000
  100   77   83   0.00000000
  100   77   85   0.00000000
  100   77   87   0.00000000
  100   77   89   0.00000000
  100   77   91   0.00000000
  100   77   93   0.00000000
  100   77   95   0.00000000
  100   77   97   0.00000000
  100   77   99   0.00000000
  100   79    1   0.00000000
  100   79    3   0.00000000
  100   79    5   0.00000000
  100   79    7   0.00000000
  100   79    9   0.00000000
  100   79   11   0.00000000
  100   79   13   0.00000000
  100   79   15   0.00000000
  100   79   17   0.00000000
  100   79   19   0.00000000
  100   79   21   0.00000000
  100   79   23   0.00000000
  100   79   25   0.00000000
  100   79   27   0.00000000
  100   79   29   0.00000000
  100   79   31   0.00000000
  100   79   33   0.00000000
  100   79   35   0.00000000
  100   79   37   0.00000000
  100   79   39   0.00000000
  100   79   41   0.00000000
  100   79   43   0.00000000
  100   79   45   0.00000000
  100   79   47   0.00000000
  100   79   49   0.00000000
  100   79   51   0.00000000
  100   79   53   0.00000000
  100   79   55   0.00000000
  100   79   57   0.00000000
  100   79   59   0.00000000
  100   79   61   0.00000000
  100   79   63   0.00000000
  100   79   65   0.00000000
  100   79   67   0.00000000
  100   79   69   0.00000000
  100   79   71   0.00000000
  100   79   73   0.00000000
  100   79   75   0.00000000
  100   79   77   0.00000000
  100   79   79   0.00000000
  100   79   81   0.00000000
  100   79   83   0.00000000
  100   79   85   0.00000000
  100   79   87   0.00000000
  100   79   89   0.00000000
  100   79   91   0.00000000
  100   79   93   0.00000000
  100   79   95   0.00000000
  100   79   97   0.00000000
  100   79   99   0.00000000
  100   81    1   0.00000000
  100   81    3   0.00000000
  100   81    5   0.00000000
  100   81    7   0.00000000
  100   81    9   0.00000000
  100   81   11   0.00000000
  100   81   13   0.00000000
  100   81   15   0.00000000
  100   81   17   0.00000000
  100   81   19   0.00000000
  100   81   21   0.00000000
  100   81   23   0.00000000
  100   81   25   0.00000000
  100   81   27   0.00000000
  100   81   29   0.00000000
  100   81   31   0.00000000
  100   81   33   0.00000000
  100   81   35   0.00000000
  100   81   37   0.00000000
  100   81   39   0.00000000
  100   81   41   0.00000000
  100   81   43   0.00000000
  100   81   45   0.00000000
  100   81   47   0.00000000
  100   81   49   0.00000000
  100   81   51   0.00000000
  100   81   53   0.00000000
  100   81   55   0.00000000
  100   81   57   0.00000000
  100   81   59   0.00000000
  100   81   61   0.00000000
  100   81   63   0.00000000
  100   81   65   0.00000000
  100   81   67   0.00000000
  100   81   69   0.00000000
  100   81   71   0.00000000
  100   81   73   0.00000000
  100   81   75   0.00000000
  100   81   77   0.00000000
  100   81   79   0.00000000
  100   81   81   0.00000000
  100   81   83   0.00000000
  100   81   85   0.00000000
  100   81   87   0.00000000
  100   81   89   0.00000000
  100   81   91   0.00000000
  100   81   93   0.00000000
  100   81   95   0.00000000
  100   81   97   0.00000000
  100   81   99   0.00000000
  100   83    1   0.00000000
  100   83    3   0.00000000
  100   83    5   0.00000000
  100   83    7   0.00000000
  100   83    9   0.00000000
  100   83   11   0.00000000
  100   83   13   0.00000000
  100   83   15   0.00000000
  100   83   17   0.00000000
  100   83   19   0.00000000
  100   83   21   0.00000000
  100   83   23   0.00000000
  100   83   25   0.00000000
  100   83   27   0.00000000
  100   83   29   0.00000000
  100   83   31   0.00000000
  100   83   33   0.00000000
  100   83   35   0.00000000
  100   83   37   0.00000000
  100   83   39   0.00000000
  100   83   41   0.00000000
  100   83   43   0.00000000
  100   83   45   0.00000000
  100   83   47   0.00000000
  100   83   49   0.00000000
  100   83   51   0.00000000
  100   83   53   0.00000000
  100   83   55   0.00000000
  100   83   57   0.00000000
  100   83   59   0.00000000
  100   83   61   0.00000000
  100   83   63   0.00000000
  100   83   65   0.00000000
  100   83   67   0.00000000
  100   83   69   0.00000000
  100   83   71   0.00000000
  100   83   73   0.00000000
  100   83   75   0.00000000
  100   83   77   0.00000000
  100   83   79   0.00000000
  100   83   81   0.00000000
  100   83   83   0.00000000
  100   83   85   0.00000000
  100   83   87   0.00000000
  100   83   89   0.00000000
  100   83   91   0.00000000
  100   83   93   0.00000000
  100   83   95   0.00000000
  100   83   97   0.00000000
  100   83   99   0.00000000
  100   85    1   0.00000000
  100   85    3   0.00000000
  100   85    5   0.00000000
  100   85    7   0.00000000
  100   85    9   0.00000000
  100   85   11   0.00000000
  100   85   13   0.00000000
  100   85   15   0.00000000
  100   85   17   0.00000000
  100   85   19   0.00000000
  100   85   21   0.00000000
  100   85   23   0.00000000
  100   85   25   0.00000000
  100   85   27   0.00000000
  100   85   29   0.00000000
  100   85   31   0.00000000
  100   85   33   0.00000000
  100   85   35   0.00000000
  100   85   37   0.00000000
  100   85   39   0.00000000
  100   85   41   0.00000000
  100   85   43   0.00000000
  100   85   45   0.00000000
  100   85   47   0.00000000
  100   85   49   0.00000000
  100   85   51   0.00000000
  100   85   53   0.00000000
  100   85   55   0.00000000
  100   85   57   0.00000000
  100   85   59   0.00000000
  100   85   61   0.00000000
  100   85   63   0.00000000
  100   85   65   0.00000000
  100   85   67   0.00000000
  100   85   69   0.00000000
  100   85   71   0.00000000
  100   85   73   0.00000000
  100   85   75   0.00000000
  100   85   77   0.00000000
  100   85   79   0.00000000
  100   85   81   0.00000000
  100   85   83   0.00000000
  100   85   85   0.00000000
  100   85   87   0.00000000
  100   85   89   0.00000000
  100   85   91   0.00000000
  100   85   93   0.00000000
  100   85   95   0.00000000
  100   85   97   0.00000000
  100   85   99   0.00000000
  100   87    1   0.00000000
  100   87    3   0.00000000
  100   87    5   0.00000000
  100   87    7   0.00000000
  100   87    9   0.00000000
  100   87   11   0.00000000
  100   87   13   0.00000000
  100   87   15   0.00000000
  100   87   17   0.00000000
  100   87   19   0.00000000
  100   87   21   0.00000000
  100   87   23   0.00000000
  100   87   25   0.00000000
  100   87   27   0.00000000
  100   87   29   0.00000000
  100   87   31   0.00000000
  100   87   33   0.00000000
  100   87   35   0.00000000
  100   87   37   0.00000000
  100   87   39   0.00000000
  100   87   41   0.00000000
  100   87   43   0.00000000
  100   87   45   0.00000000
  100   87   47   0.00000000
  100   87   49   0.00000000
  100   87   51   0.00000000
  100   87   53   0.00000000
  100   87   55   0.00000000
  100   87   57   0.00000000
  100   87   59   0.00000000
  100   87   61   0.00000000
  100   87   63   0.00000000
  100   87   65   0.00000000
  100   87   67   0.00000000
  100   87   69   0.00000000
  100   87   71   0.00000000
  100   87   73   0.00000000
  100   87   75   0.00000000
  100   87   77   0.00000000
  100   87   79   0.00000000
  100   87   81   0.00000000
  100   87   83   0.00000000
  100   87   85   0.00000000
  100   87   87   0.00000000
  100   87   89   0.00000000
  100   87   91   0.00000000
  100   87   93   0.00000000
  100   87   95   0.00000000
  100   87   97   0.00000000
  100   87   99   0.00000000
  100   89    1   0.00000000
  100   89    3   0.00000000
  100   89    5   0.00000000
  100   89    7   0.00000000
  100   89    9   0.00000000
  100   89   11   0.00000000
  100   89   13   0.00000000
  100   89   15   0.00000000
  100   89   17   0.00000000
  100   89   19   0.00000000
  100   89   21   0.00000000
  100   89   23   0.00000000
  100   89   25   0.00000000
  100   89   27   0.00000000
  100   89   29   0.00000000
  100   89   31   0.00000000
  100   89   33   0.00000000
  100   89   35   0.00000000
  100   89   37   0.00000000
  100   89   39   0.00000000
  100   89   41   0.00000000
  100   89   43   0.00000000
  100   89   45   0.00000000
  100   89   47   0.00000000
  100   89   49   0.00000000
  100   89   51   0.00000000
  100   89   53   0.00000000
  100   89   55   0.00000000
  100   89   57   0.00000000
  100   89   59   0.00000000
  100   89   61   0.00000000
  100   89   63   0.00000000
  100   89   65   0.00000000
  100   89   67   0.00000000
  100   89   69   0.00000000
  100   89   71   0.00000000
  100   89   73   0.00000000
  100   89   75   0.00000000
  100   89   77   0.00000000
  100   89   79   0.00000000
  100   89   81   0.00000000
  100   89   83   0.00000000
  100   89   85   0.00000000
  100   89   87   0.00000000
  100   89   89   0.00000000
  100   89   91   0.00000000
  100   89   93   0.00000000
  100   89   95   0.00000000
  100   89   97   0.00000000
  100   89   99   0.00000000
  100   91    1   0.00000000
  100   91    3   0.00000000
  100   91    5   0.00000000
  100   91    7   0.00000000
  100   91    9   0.00000000
  100   91   11   0.00000000
  100   91   13   0.00000000
  100   91   15   0.00000000
  100   91   17   0.00000000
  100   91   19   0.00000000
  100   91   21   0.00000000
  100   91   23   0.00000000
  100   91   25   0.00000000
  100   91   27   0.00000000
  100   91   29   0.00000000
  100   91   31   0.00000000
  100   91   33   0.00000000
  100   91   35   0.00000000
  100   91   37   0.00000000
  100   91   39   0.00000000
  100   91   41   0.00000000
  100   91   43   0.00000000
  100   91   45   0.00000000
  100   91   47   0.00000000
  100   91   49   0.00000000
  100   91   51   0.00000000
  100   91   53   0.00000000
  100   91   55   0.00000000
  100   91   57   0.00000000
  100   91   59   0.00000000
  100   91   61   0.00000000
  100   91   63   0.00000000
  100   91   65   0.00000000
  100   91   67   0.00000000
  100   91   69   0.00000000
  100   91   71   0.00000000
  100   91   73   0.00000000
  100   91   75   0.00000000
  100   91   77   0.00000000
  100   91   79   0.00000000
  100   91   81   0.00000000
  100   91   83   0.00000000
  100   91   85   0.00000000
  100   91   87   0.00000000
  100   91   89   0.00000000
  100   91   91   0.00000000
  100   91   93   0.00000000
  100   91   95   0.00000000
  100   91   97   0.00000000
  100   91   99   0.00000000
  100   93    1   0.00000000
  100   93    3   0.00000000
  100   93    5   0.00000000
  100   93    7   0.00000000
  100   93    9   0.00000000
  100   93   11   0.00000000
  100   93   13   0.00000000
  100   93   15   0.00000000
  100   93   17   0.00000000
  100   93   19   0.00000000
  100   93   21   0.00000000
  100   93   23   0.00000000
  100   93   25   0.00000000
  100   93   27   0.00000000
  100   93   29   0.00000000
  100   93   31   0.00000000
  100   93   33   0.00000000
  100   93   35   0.00000000
  100   93   37   0.00000000
  100   93   39   0.00000000
  100   93   41   0.00000000
  100   93   43   0.00000000
  100   93   45   0.00000000
  100   93   47   0.00000000
  100   93   49   0.00000000
  100   93   51   0.00000000
  100   93   53   0.00000000
  100   93   55   0.00000000
  100   93   57   0.00000000
  100   93   59   0.00000000
  100   93   61   0.00000000
  100   93   63   0.00000000
  100   93   65   0.00000000
  100   93   67   0.00000000
  100   93   69   0.00000000
  100   93   71   0.00000000
  100   93   73   0.00000000
  100   93   75   0.00000000
  100   93   77   0.00000000
  100   93   79   0.00000000
  100   93   81   0.00000000
  100   93   83   0.00000000
  100   93   85   0.00000000
  100   93   87   0.00000000
  100   93   89   0.00000000
  100   93   91   0.00000000
  100   93   93   0.00000000
  100   93   95   0.00000000
  100   93   97   0.00000000
  100   93   99   0.00000000
  100   95    1   0.00000000
  100   95    3   0.00000000
  100   95    5   0.00000000
  100   95    7   0.00000000
  100   95    9   0.00000000
  100   95   11   0.00000000
  100   95   13   0.00000000
  100   95   15   0.00000000
  100   95   17   0.00000000
  100   95   19   0.00000000
  100   95   21   0.00000000
  100   95   23   0.00000000
  100   95   25   0.00000000
  100   95   27   0.00000000
  100   95   29   0.00000000
  100   95   31   0.00000000
  100   95   33   0.00000000
  100   95   35   0.00000000
  100   95   37   0.00000000
  100   95   39   0.00000000
  100   95   41   0.00000000
  100   95   43   0.00000000
  100   95   45   0.00000000
  100   95   47   0.00000000
  100   95   49   0.00000000
  100   95   51   0.00000000
  100   95   53   0.00000000
  100   95   55   0.00000000
  100   95   57   0.00000000
  100   95   59   0.00000000
  100   95   61   0.00000000
  100   95   63   0.00000000
  100   95   65   0.00000000
  100   95   67   0.00000000
  100   95   69   0.00000000
  100   95   71   0.00000000
  100   95   73   0.00000000
  100   95   75   0.00000000
  100   95   77   0.00000000
  100   95   79   0.00000000
  100   95   81   0.00000000
  100   95   83   0.00000000
  100   95   85   0.00000000
  100   95   87   0.00000000
  100   95   89   0.00000000
  100   95   91   0.00000000
  100   95   93   0.00000000
  100   95   95   0.00000000
  100   95   97   0.00000000
  100   95   99   0.00000000
  100   97    1   0.00000000
  100   97    3   0.00000000
  100   97    5   0.00000000
  100   97    7   0.00000000
  100   97    9   0.00000000
  100   97   11   0.00000000
  100   97   13   0.00000000
  100   97   15   0.00000000
  100   97   17   0.00000000
  100   97   19   0.00000000
  100   97   21   0.00000000
  100   97   23   0.00000000
  100   97   25   0.00000000
  100   97   27   0.00000000
  100   97   29   0.00000000
  100   97   31   0.00000000
  100   97   33   0.00000000
  100   97   35   0.00000000
  100   97   37   0.00000000
  100   97   39   0.00000000
  100   97   41   0.00000000
  100   97   43   0.00000000
  100   97   45   0.00000000
  100   97   47   0.00000000
  100   97   49   0.00000000
  100   97   51   0.00000000
  100   97   53   0.00000000
  100   97   55   0.00000000
  100   97   57   0.00000000
  100   97   59   0.00000000
  100   97   61   0.00000000
  100   97   63   0.00000000
  100   97   65   0.00000000
  100   97   67   0.00000000
  100   97   69   0.00000000
  100   97   71   0.00000000
  100   97   73   0.00000000
  100   97   75   0.00000000
  100   97   77   0.00000000
  100   97   79   0.00000000
  100   97   81   0.00000000
  100   97   83   0.00000000
  100   97   85   0.00000000
  100   97   87   0.00000000
  100   97   89   0.00000000
  100   97   91   0.00000000
  100   97   93   0.00000000
  100   97   95   0.00000000
  100   97   97   0.00000000
  100   97   99   0.00000000
  100   99    1   0.00000000
  100   99    3   0.00000000
  100   99    5   0.00000000
  100   99    7   0.00000000
  100   99    9   0.00000000
  100   99   11   0.00000000
  100   99   13   0.00000000
  100   99   15   0.00000000
  100   99   17   0.00000000
  100   99   19   0.00000000
  100   99   21   0.00000000
  100   99   23   0.00000000
  100   99   25   0.00000000
  100   99   27   0.00000000
  100   99   29   0.00000000
  100   99   31   0.00000000
  100   99   33   0.00000000
  100   99   35   0.00000000
  100   99   37   0.00000000
  100   99   39   0.00000000
  100   99   41   0.00000000
  100   99   43   0.00000000
  100   99   45   0.00000000
  100   99   47   0.00000000
  100   99   49   0.00000000
  100   99   51   0.00000000
  100   99   53   0.00000000
  100   99   55   0.00000000
  100   99   57   0.00000000
  100   99   59   0.00000000
  100   99   61   0.00000000
  100   99   63   0.00000000
  100   99   65   0.00000000
  100   99   67   0.00000000
  100   99   69   0.00000000
  100   99   71   0.00000000
  100   99   73   0.00000000
  100   99   75   0.00000000
  100   99   77   0.00000000
  100   99   79   0.00000000
  100   99   81   0.00000000
  100   99   83   0.00000000
  100   99   85   0.00000000
  100   99   87   0.00000000
  100   99   89   0.00000000
  100   99   91   0.00000000
  100   99   93   0.00000000
  100   99   95   0.00000000
  100   99   97   0.00000000
  100   99   99   0.00000000
>>>>>>> 8620d50f84a73d7df13b30156f4c1f9a78fa463a:Vjez2/2D_walkers_distribution.txt
