# i - j - type - ib
  1  36 -1 3051
  7  36 +1 3051
 12  46 -1 3051
 27   8 +1 3051
 29   1 -1 3051
 31  19 -1 3051
 31  48 +1 3051
 37  32 -1 3051
 37  37 +1 3051
 38  32 +1 3051
 39  32 -1 3051
 39  63 +1 3051
 47  17 -1 3051
 51  20 +1 3051
 54  55 -1 3051
 62  49 +1 3051
  1  36 -1 3052
  7  36 +1 3052
 11  45 -1 3052
 26   7 +1 3052
 31  19 -1 3052
 31  48 +1 3052
 37  37 +1 3052
 38  32 -1 3052
 47  17 -1 3052
 51  20 +1 3052
 55  55 -1 3052
 62  49 +1 3052
  2  35 -1 3053
  8  36 +1 3053
 12  44 -1 3053
 26   7 +1 3053
 30  19 -1 3053
 31  48 +1 3053
 37  38 +1 3053
 38  32 -1 3053
 38  63 +1 3053
 47  18 -1 3053
 51  20 +1 3053
 55  55 -1 3053
 62  49 +1 3053
  1  35 -1 3054
  8  36 +1 3054
 12  44 -1 3054
 26   8 +1 3054
 28   1 -1 3054
 30  20 -1 3054
 31  48 +1 3054
 37  37 +1 3054
 38  32 -1 3054
 40  63 +1 3054
 47  18 -1 3054
 52  20 +1 3054
 54  55 -1 3054
 62  49 +1 3054
  1  35 -1 3055
  8  35 +1 3055
 11  43 -1 3055
 27   8 +1 3055
 28   1 -1 3055
 30  20 -1 3055
 32  48 +1 3055
 38  32 -1 3055
 38  37 +1 3055
 40  63 +1 3055
 48  18 -1 3055
 52  20 +1 3055
 55  55 -1 3055
 61  48 +1 3055
  1  35 -1 3056
  7  36 +1 3056
 12  44 -1 3056
 26   9 +1 3056
 28   1 -1 3056
 30  19 -1 3056
 32  47 +1 3056
 37  37 +1 3056
 38  31 -1 3056
 38  63 +1 3056
 47  17 -1 3056
 52  20 +1 3056
 55  53 -1 3056
 62  48 +1 3056
  1  35 -1 3057
  7  36 +1 3057
 12  44 -1 3057
 27   9 +1 3057
 31  20 -1 3057
 32  47 +1 3057
 36  36 +1 3057
 38  32 -1 3057
 38  63 +1 3057
 47  18 -1 3057
 52  20 +1 3057
 54  54 -1 3057
 62  49 +1 3057
  1  35 -1 3058
  6  36 +1 3058
 12  44 -1 3058
 28   1 -1 3058
 28   9 +1 3058
 31  19 -1 3058
 31  47 +1 3058
 36  36 +1 3058
 38  32 -1 3058
 49  19 -1 3058
 52  20 +1 3058
 54  53 -1 3058
 62  48 +1 3058
  1  35 -1 3059
  6  35 +1 3059
 12  44 -1 3059
 28   9 +1 3059
 31  19 -1 3059
 31  47 +1 3059
 36  36 +1 3059
 38  32 -1 3059
 48  19 -1 3059
 51  20 +1 3059
 54  54 -1 3059
 62  48 +1 3059
  2  34 -1 3060
  7  35 +1 3060
 12  44 -1 3060
 28   1 -1 3060
 28   9 +1 3060
 30  19 -1 3060
 32  47 +1 3060
 36  36 +1 3060
 38  32 -1 3060
 49  18 -1 3060
 51  20 +1 3060
 53  53 -1 3060
 62  48 +1 3060
  2  34 -1 3061
  7  35 +1 3061
 12  44 -1 3061
 28   9 +1 3061
 30  19 -1 3061
 31  47 +1 3061
 36  37 +1 3061
 38  33 -1 3061
 50  18 -1 3061
 51  19 +1 3061
 54  54 -1 3061
 62  48 +1 3061
  1  34 -1 3062
  7  35 +1 3062
 12  45 -1 3062
 29   1 -1 3062
 29   8 +1 3062
 31  18 -1 3062
 31  47 +1 3062
 36  37 +1 3062
 38  33 -1 3062
 53  54 -1 3062
 62  48 +1 3062
  1  34 -1 3063
  6  35 +1 3063
 12  45 -1 3063
 28   1 -1 3063
 28   8 +1 3063
 31  18 -1 3063
 31  47 +1 3063
 36  36 +1 3063
 38  33 -1 3063
 54  53 -1 3063
 54  54 +1 3063
 54  55 -1 3063
 62  48 +1 3063
  1  34 -1 3064
  7  36 +1 3064
 12  45 -1 3064
 27   1 -1 3064
 28   8 +1 3064
 31  18 -1 3064
 31  47 +1 3064
 36  36 +1 3064
 37  33 -1 3064
 38   1 +1 3064
 54  55 -1 3064
 63  48 +1 3064
  7  36 +1 3065
 12  45 -1 3065
 27   8 +1 3065
 31  19 -1 3065
 32  47 +1 3065
 36  35 +1 3065
 37  34 -1 3065
 39   1 +1 3065
 53  55 -1 3065
 62  48 +1 3065
  6  36 +1 3066
 11  46 -1 3066
 27   1 -1 3066
 27   8 +1 3066
 31  19 -1 3066
 31  47 +1 3066
 39   1 +1 3066
 53  55 -1 3066
 63  49 +1 3066
  1  35 -1 3067
  6  36 +1 3067
 11  46 -1 3067
 26   1 -1 3067
 27   7 +1 3067
 31  20 -1 3067
 31  47 +1 3067
 39   1 +1 3067
 53  55 -1 3067
 62  49 +1 3067
  1  35 -1 3068
  6  37 +1 3068
 11  46 -1 3068
 26   2 -1 3068
 27   8 +1 3068
 30  47 +1 3068
 31  19 -1 3068
 39   1 +1 3068
 53  55 -1 3068
 62  49 +1 3068
  1  35 -1 3069
  6  36 +1 3069
 10  43 +1 3069
 10  46 -1 3069
 11  43 -1 3069
 26   2 -1 3069
 27   8 +1 3069
 30  47 +1 3069
 31  20 -1 3069
 39   1 +1 3069
 53  56 -1 3069
 62  49 +1 3069
  1  35 -1 3070
  6  36 +1 3070
 10  45 -1 3070
 27   2 -1 3070
 27   8 +1 3070
 31  48 +1 3070
 32  20 -1 3070
 38   1 +1 3070
 53  56 -1 3070
 62  49 +1 3070
  4  35 -1 3071
  6  35 +1 3071
 10  45 -1 3071
 27   1 -1 3071
 27   8 +1 3071
 31  48 +1 3071
 32  20 -1 3071
 38   1 +1 3071
 54  54 -1 3071
 62  49 +1 3071
 10  45 -1 3072
 27   2 -1 3072
 28   8 +1 3072
 29  48 +1 3072
 30  48 -1 3072
 31  48 +1 3072
 32  20 -1 3072
 39   1 +1 3072
 54  55 -1 3072
 61  49 +1 3072
 10  45 -1 3073
 26   1 -1 3073
 27   9 +1 3073
 31  48 +1 3073
 32  20 -1 3073
 39   1 +1 3073
 54  55 -1 3073
 61  49 +1 3073
 10  45 -1 3074
 26   9 +1 3074
 27   2 -1 3074
 30  48 +1 3074
 32  20 -1 3074
 39   1 +1 3074
 54  55 -1 3074
 61  49 +1 3074
 10  45 -1 3075
 26   9 +1 3075
 27   2 -1 3075
 31  48 +1 3075
 32  19 -1 3075
 38   1 +1 3075
 54  54 -1 3075
 61  49 +1 3075
 10  45 -1 3076
 26   9 +1 3076
 27   2 -1 3076
 30  47 +1 3076
 32  19 -1 3076
 38   2 +1 3076
 54  54 -1 3076
 61  49 +1 3076
 11  45 -1 3077
 26   2 -1 3077
 28  10 +1 3077
 30  48 +1 3077
 32  19 -1 3077
 38   2 +1 3077
 54  54 -1 3077
 61  49 +1 3077
 10  46 -1 3078
 26   3 -1 3078
 28  10 +1 3078
 31  48 +1 3078
 32  19 -1 3078
 38   2 +1 3078
 54  53 -1 3078
 61  49 +1 3078
 10  45 -1 3079
 27   3 -1 3079
 28  10 +1 3079
 30  49 +1 3079
 32  19 -1 3079
 38   2 +1 3079
 55  53 -1 3079
 61  49 +1 3079
 10  45 -1 3080
 26   2 -1 3080
 28  10 +1 3080
 30  49 +1 3080
 32  20 -1 3080
 37   1 +1 3080
 54  53 -1 3080
 62  48 +1 3080
 11  44 -1 3081
 11  45 +1 3081
 11  46 -1 3081
 27   2 -1 3081
 28  10 +1 3081
 30  49 +1 3081
 32  19 -1 3081
 37   1 +1 3081
 54  53 -1 3081
 63  49 +1 3081
 11  46 -1 3082
 27   1 -1 3082
 28  10 +1 3082
 30  47 +1 3082
 32  19 -1 3082
 54  54 -1 3082
 62  49 +1 3082
 11  46 -1 3083
 27   1 -1 3083
 28  10 +1 3083
 30  47 +1 3083
 32  17 -1 3083
 32  18 +1 3083
 32  19 -1 3083
 37   1 +1 3083
 54  53 -1 3083
 62  49 +1 3083
 11  46 -1 3084
 28  10 +1 3084
 30  48 +1 3084
 32  18 -1 3084
 54  53 -1 3084
 63  48 +1 3084
 11  46 -1 3085
 28  10 +1 3085
 28  63 -1 3085
 30  47 +1 3085
 32  17 -1 3085
 38   1 +1 3085
 54  53 -1 3085
 63  47 +1 3085
 11  46 -1 3086
 27  63 -1 3086
 28  11 +1 3086
 30  47 +1 3086
 32  17 -1 3086
 38   1 +1 3086
 54  53 -1 3086
 62  47 +1 3086
 11  46 -1 3087
 27  63 -1 3087
 28  11 +1 3087
 30  46 +1 3087
 32  17 -1 3087
 38   2 +1 3087
 55  53 -1 3087
 62  47 +1 3087
 11  46 -1 3088
 28  11 +1 3088
 30  46 +1 3088
 32  17 -1 3088
 54  53 -1 3088
 62  47 +1 3088
 10  46 -1 3089
 28  11 +1 3089
 30  45 +1 3089
 32  18 -1 3089
 38   1 +1 3089
 54  53 -1 3089
 62  48 +1 3089
 10  46 -1 3090
 29  10 +1 3090
 30  46 +1 3090
 32  18 -1 3090
 55  53 -1 3090
 62  48 +1 3090
 10  46 -1 3091
 29  10 +1 3091
 30  45 +1 3091
 32  18 -1 3091
 37   1 -1 3091
 37   2 +1 3091
 54  53 -1 3091
 62  47 +1 3091
 10  46 -1 3092
 29  10 +1 3092
 29  46 +1 3092
 32  18 -1 3092
 37   1 +1 3092
 54  53 -1 3092
 62  48 +1 3092
  9  46 -1 3093
 29  10 +1 3093
 29  46 +1 3093
 31  19 -1 3093
 37   1 +1 3093
 54  53 -1 3093
 62  47 +1 3093
  9  46 -1 3094
 28  46 +1 3094
 29  10 +1 3094
 31  18 -1 3094
 37   1 +1 3094
 53  53 -1 3094
 62  48 +1 3094
 10  46 -1 3095
 29  10 +1 3095
 30  46 +1 3095
 31  18 -1 3095
 37   1 +1 3095
 53  52 -1 3095
 62  47 +1 3095
  9  46 -1 3096
 29  10 +1 3096
 29  18 -1 3096
 30  46 +1 3096
 37   1 +1 3096
 52  52 -1 3096
 62  47 +1 3096
 10  46 -1 3097
 29  10 +1 3097
 30  19 -1 3097
 30  46 +1 3097
 52  52 -1 3097
 62  48 +1 3097
  9  47 -1 3098
 29  10 +1 3098
 30  19 -1 3098
 30  45 +1 3098
 53  52 -1 3098
 62  48 +1 3098
 10  46 -1 3099
 28  10 +1 3099
 29  19 -1 3099
 29  45 +1 3099
 30  19 +1 3099
 31  19 -1 3099
 53  51 -1 3099
 63  47 +1 3099
 10  46 -1 3100
 28  10 +1 3100
 28  63 -1 3100
 29  46 +1 3100
 30  19 -1 3100
 54  53 -1 3100
 63  47 +1 3100
 10  46 -1 3101
 28  10 +1 3101
 28  63 -1 3101
 29  46 +1 3101
 31  18 -1 3101
 53  53 -1 3101
 63  47 +1 3101
 10  46 -1 3102
 27  63 -1 3102
 28  10 +1 3102
 29  46 +1 3102
 31  19 -1 3102
 52  52 -1 3102
 63  47 +1 3102
  9  45 -1 3103
 27  10 +1 3103
 29  46 +1 3103
 30  18 -1 3103
 52  52 -1 3103
 63  46 +1 3103
  9  46 -1 3104
 27  10 +1 3104
 29  46 +1 3104
 30  18 -1 3104
 37   1 +1 3104
 52  52 -1 3104
  9  46 -1 3105
 20  22 -1 3105
 21  22 +1 3105
 27  10 +1 3105
 29  46 +1 3105
 30  18 -1 3105
 36   1 +1 3105
 53  52 -1 3105
 63  47 +1 3105
  9  45 -1 3106
 27  11 +1 3106
 29  46 +1 3106
 29  63 -1 3106
 31  18 -1 3106
 37  63 +1 3106
 46  14 -1 3106
 46  15 +1 3106
 52  52 -1 3106
 53  52 +1 3106
 54  52 -1 3106
 63  48 +1 3106
  9  46 -1 3107
 28  10 +1 3107
 29  48 +1 3107
 31  18 -1 3107
 53  52 -1 3107
 63  48 +1 3107
 10  46 -1 3108
 28  10 +1 3108
 29  48 +1 3108
 31  18 -1 3108
 37  63 +1 3108
 53  52 -1 3108
 63  48 +1 3108
 11  46 -1 3109
 28  10 +1 3109
 29  49 +1 3109
 31  16 -1 3109
 53  54 -1 3109
 63  47 +1 3109
  9  47 -1 3110
 27  10 +1 3110
 29  49 +1 3110
 31  16 -1 3110
 53  54 -1 3110
 63  47 +1 3110
  9  47 -1 3111
 27  11 +1 3111
 29  48 +1 3111
 31  17 -1 3111
 53  54 -1 3111
 63  47 +1 3111
  9  47 -1 3112
 27  11 +1 3112
 28   1 -1 3112
 29  47 +1 3112
 30  16 -1 3112
 52  53 -1 3112
 62  47 +1 3112
 63  47 -1 3112
  9  46 -1 3113
 28  11 +1 3113
 29  48 +1 3113
 30  16 -1 3113
 53  53 -1 3113
 62  47 +1 3113
  9  46 -1 3114
 27  11 +1 3114
 29  48 +1 3114
 30  15 -1 3114
 52  53 -1 3114
 63  47 +1 3114
  8  46 -1 3115
  9  46 +1 3115
  9  48 -1 3115
 27  12 +1 3115
 29  48 +1 3115
 30  16 -1 3115
 38  63 +1 3115
 52  55 -1 3115
 63  47 +1 3115
  9  47 -1 3116
 17  27 +1 3116
 17  28 -1 3116
 28  12 +1 3116
 28  48 +1 3116
 30  16 -1 3116
 52  55 -1 3116
 63  47 +1 3116
  9  47 -1 3117
 28  48 +1 3117
 29  11 +1 3117
 30  15 -1 3117
 52  55 -1 3117
 63  47 +1 3117
  9  47 -1 3118
 28  12 +1 3118
 28  48 +1 3118
 29  15 -1 3118
 39   1 +1 3118
 52  54 -1 3118
 63  47 +1 3118
  9  47 -1 3119
 28  12 +1 3119
 28  49 +1 3119
 30  16 -1 3119
 38   1 +1 3119
 52  53 -1 3119
 63  47 +1 3119
  9  47 -1 3120
 27  49 +1 3120
 28  12 +1 3120
 30  15 -1 3120
 34  24 +1 3120
 35  25 -1 3120
 52  53 -1 3120
 63  47 +1 3120
  8  48 -1 3121
 27  49 +1 3121
 28  12 +1 3121
 30  16 -1 3121
 51  53 -1 3121
 63  47 +1 3121
  8  48 -1 3122
 27  49 +1 3122
 28  12 +1 3122
 29  17 -1 3122
 52  52 -1 3122
 63  47 +1 3122
  9  48 -1 3123
 27  49 +1 3123
 28  12 +1 3123
 29  16 -1 3123
 52  53 -1 3123
 63  47 +1 3123
 10  48 -1 3124
 28   1 -1 3124
 28  12 +1 3124
 28  49 +1 3124
 30  15 -1 3124
 53  53 -1 3124
  9  47 -1 3125
 28   1 -1 3125
 28  12 +1 3125
 29  16 -1 3125
 29  49 +1 3125
 38  63 +1 3125
 53  53 -1 3125
  9  48 -1 3126
 28   1 +1 3126
 28   2 -1 3126
 28  12 +1 3126
 29  17 -1 3126
 29  48 +1 3126
 52  53 -1 3126
 63  47 +1 3126
  9  48 -1 3127
 28  13 +1 3127
 29  48 +1 3127
 30  16 -1 3127
 51  53 -1 3127
 63  47 +1 3127
  9  47 -1 3128
 28  11 +1 3128
 28  48 +1 3128
 30  16 -1 3128
 51  53 -1 3128
  9  47 -1 3129
 27  48 +1 3129
 28  13 +1 3129
 28  48 -1 3129
 29  16 -1 3129
 29  48 +1 3129
 37  63 +1 3129
 52  53 -1 3129
 63  46 +1 3129
  9  47 -1 3130
 27  48 +1 3130
 28  11 +1 3130
 28  12 -1 3130
 28  13 +1 3130
 28  17 -1 3130
 37  63 +1 3130
 53  53 -1 3130
 63  46 +1 3130
  9  47 -1 3131
 27  48 +1 3131
 28  10 +1 3131
 28  16 -1 3131
 38  63 +1 3131
 53  53 -1 3131
 63  46 +1 3131
  9  47 -1 3132
 26  48 +1 3132
 28   1 -1 3132
 29   9 +1 3132
 30  16 -1 3132
 37  63 +1 3132
 53  53 -1 3132
  7  47 -1 3133
  8  47 +1 3133
  9  47 -1 3133
 27  49 +1 3133
 28   1 -1 3133
 28  10 +1 3133
 29  15 -1 3133
 37  63 +1 3133
 53  52 -1 3133
 10  47 -1 3134
 27  49 +1 3134
 28   1 -1 3134
 28  10 +1 3134
 30  16 -1 3134
 53  52 -1 3134
 10  47 -1 3135
 27   9 +1 3135
 27  49 +1 3135
 29  15 -1 3135
 53  52 -1 3135
 10  47 -1 3136
 27  10 +1 3136
 27  49 +1 3136
 29  15 -1 3136
 52  52 -1 3136
 63  46 +1 3136
 10  46 -1 3137
 27  49 +1 3137
 28  10 +1 3137
 29  15 -1 3137
 52  52 -1 3137
 10  46 -1 3138
 28   1 -1 3138
 28  10 +1 3138
 28  49 +1 3138
 29  15 -1 3138
 52  53 -1 3138
 10  47 -1 3139
 27   1 -1 3139
 28  11 +1 3139
 28  49 +1 3139
 29  15 -1 3139
 52  53 -1 3139
 10  47 -1 3140
 27   1 -1 3140
 28  11 +1 3140
 28  48 +1 3140
 29  15 -1 3140
 51  53 -1 3140
 10  47 -1 3141
 27   1 -1 3141
 28  12 +1 3141
 28  49 +1 3141
 29  15 -1 3141
 37  63 +1 3141
 51  53 -1 3141
  1  48 +1 3142
 10  48 -1 3142
 28   1 -1 3142
 28  12 +1 3142
 28  49 +1 3142
 29  14 -1 3142
 38  63 +1 3142
 53  53 -1 3142
 10  47 -1 3143
 27   1 -1 3143
 28  12 +1 3143
 28  49 +1 3143
 29  14 -1 3143
 38  63 +1 3143
 52  53 -1 3143
 10  46 -1 3144
 27   1 -1 3144
 28  12 +1 3144
 28  48 +1 3144
 30  13 -1 3144
 38  63 +1 3144
 52  53 -1 3144
  9  47 -1 3145
 27   1 -1 3145
 28  49 +1 3145
 52  53 -1 3145
  9  47 -1 3146
 29  49 +1 3146
 52  53 -1 3146
 10  47 -1 3147
 28   1 -1 3147
 28  49 +1 3147
 52  52 -1 3147
  8  47 -1 3148
 28  49 +1 3148
 52  53 -1 3148
  1  49 +1 3149
  8  47 -1 3149
 27   1 -1 3149
 27  49 +1 3149
 51  53 -1 3149
  1  49 +1 3150
  7  47 -1 3150
 27   1 -1 3150
 27  49 +1 3150
 51  53 -1 3150
  8  47 -1 3151
 27   1 -1 3151
 27  49 +1 3151
 51  52 -1 3151
 10  46 -1 3152
 26   1 -1 3152
 27  49 +1 3152
 51  52 -1 3152
  8  46 -1 3153
  9  46 +1 3153
 10  46 -1 3153
 26   1 -1 3153
 28  49 +1 3153
 37  63 +1 3153
 51  52 -1 3153
  1  49 +1 3154
  8  46 -1 3154
 26   1 -1 3154
 28  50 +1 3154
 37  63 +1 3154
 52  51 -1 3154
  8  46 -1 3155
 26   2 -1 3155
 28  51 +1 3155
 36  63 +1 3155
 52  51 -1 3155
  8  45 -1 3156
 27   2 -1 3156
 28  50 +1 3156
 36  63 +1 3156
 53  51 -1 3156
  9  46 -1 3157
 26  50 +1 3157
 27   2 -1 3157
 52  51 -1 3157
 63  50 +1 3157
  8  47 -1 3158
 27   1 -1 3158
 27  50 +1 3158
 52  51 -1 3158
 63  50 +1 3158
  8  46 -1 3159
 26  50 +1 3159
 27   1 -1 3159
 36  63 +1 3159
 52  51 -1 3159
 63  50 +1 3159
  9  47 -1 3160
 26   1 -1 3160
 26  50 +1 3160
 36  63 +1 3160
 52  51 -1 3160
 63  50 +1 3160
 10  46 -1 3161
 26   1 -1 3161
 27  50 +1 3161
 36  63 +1 3161
 53  52 -1 3161
  9  46 -1 3162
 26   2 -1 3162
 27  50 +1 3162
 37  63 +1 3162
 53  51 -1 3162
 63  50 +1 3162
  8  47 -1 3163
 26   2 -1 3163
 26  50 +1 3163
 36  63 +1 3163
 53  51 -1 3163
  7  47 -1 3164
 26  50 +1 3164
 27   3 -1 3164
 36  63 +1 3164
 53  51 -1 3164
  8  46 -1 3165
 26  50 +1 3165
 27   2 -1 3165
 37  63 +1 3165
 54  51 -1 3165
  9  47 -1 3166
 26  50 +1 3166
 27   2 -1 3166
 37  63 +1 3166
 53  51 -1 3166
  8  47 -1 3167
 27   2 -1 3167
 27  50 +1 3167
 37  63 +1 3167
 54  51 -1 3167
  7  47 -1 3168
 26  50 +1 3168
 27   2 -1 3168
 38  63 +1 3168
 54  51 -1 3168
 63  49 +1 3168
  6  47 -1 3169
 26  51 +1 3169
 27   2 -1 3169
 54  51 -1 3169
 63  50 +1 3169
  5  47 -1 3170
 26  51 +1 3170
 27   2 -1 3170
 54  51 -1 3170
 62  50 +1 3170
  6  47 -1 3171
 26  50 +1 3171
 28   2 -1 3171
 54  51 -1 3171
 63  50 +1 3171
  5  47 -1 3172
 26   2 -1 3172
 26  52 +1 3172
 27   2 +1 3172
 28   2 -1 3172
 54  51 -1 3172
 63  50 +1 3172
  5  46 -1 3173
 26   2 -1 3173
 26  53 +1 3173
 54  52 -1 3173
 63  49 +1 3173
  5  47 -1 3174
  7  63 +1 3174
  8  63 -1 3174
 27   2 -1 3174
 27  52 +1 3174
 54  52 -1 3174
  5  48 -1 3175
 27   3 -1 3175
 27  53 +1 3175
 37  63 +1 3175
 54  51 -1 3175
  4  47 -1 3176
 27  53 +1 3176
 28   3 -1 3176
 37  63 +1 3176
 54  50 -1 3176
  5  47 -1 3177
 28   3 -1 3177
 28  53 +1 3177
 37  63 +1 3177
 55  51 -1 3177
  5  47 -1 3178
 27  52 +1 3178
 28   3 -1 3178
 37  63 +1 3178
 54  52 -1 3178
  1  49 +1 3179
  5  47 -1 3179
 27  52 +1 3179
 28   3 -1 3179
 38  63 +1 3179
 54  52 -1 3179
  4  47 -1 3180
 27  52 +1 3180
 28   3 -1 3180
 38  63 +1 3180
 54  52 -1 3180
  1  48 +1 3181
  5  47 -1 3181
 27  52 +1 3181
 28   3 -1 3181
 38  63 +1 3181
 54  51 -1 3181
  1  49 +1 3182
  4  47 -1 3182
 27  51 +1 3182
 28   2 -1 3182
 37  63 +1 3182
 54  51 -1 3182
  4  47 -1 3183
 28   2 -1 3183
 29  53 +1 3183
 37  63 +1 3183
 54  51 -1 3183
  4  48 -1 3184
 28   2 -1 3184
 28  52 +1 3184
 38  63 +1 3184
 53  52 -1 3184
  4  47 -1 3185
 28   2 -1 3185
 28  52 +1 3185
 37  63 +1 3185
 53  52 -1 3185
  4  47 -1 3186
 28   1 -1 3186
 28  52 +1 3186
 38  63 +1 3186
 54  51 -1 3186
  3  48 -1 3187
 28   1 -1 3187
 28  52 +1 3187
 38  63 +1 3187
 54  51 -1 3187
  3  48 -1 3188
 28  51 +1 3188
 29   2 -1 3188
 38  63 +1 3188
 54  51 -1 3188
 63  48 +1 3188
  4  48 -1 3189
 28  51 +1 3189
 29   2 -1 3189
 38  63 +1 3189
 54  51 -1 3189
  3  48 -1 3190
 28  51 +1 3190
 30   3 -1 3190
 54  51 -1 3190
  3  47 -1 3191
 28  51 +1 3191
 29   3 -1 3191
 53  52 -1 3191
  1  47 +1 3192
  3  47 -1 3192
 29   3 -1 3192
 29  52 +1 3192
 54  51 -1 3192
  1  47 +1 3193
  3  47 -1 3193
 28  52 +1 3193
 29   3 -1 3193
 54  51 -1 3193
  1  47 +1 3194
  3  47 -1 3194
 28  52 +1 3194
 29   3 -1 3194
 54  51 -1 3194
  3  47 -1 3195
 28  52 +1 3195
 29   3 -1 3195
 38  63 +1 3195
 54  51 -1 3195
  2  47 -1 3196
 29  52 +1 3196
 30   2 -1 3196
 38  63 +1 3196
 55  51 -1 3196
 29   2 -1 3197
 29  53 +1 3197
 54  52 -1 3197
 29  53 +1 3198
 30   2 -1 3198
 54  52 -1 3198
 29  52 +1 3199
 30   2 -1 3199
 54  52 -1 3199
 29  52 +1 3200
 30   1 -1 3200
 54  53 -1 3200
 29  53 +1 3201
 30   1 -1 3201
 53  53 -1 3201
 29   1 -1 3202
 29  52 +1 3202
 53  53 -1 3202
 28  53 +1 3203
 30   1 -1 3203
 53  53 -1 3203
 28  53 +1 3204
 30   1 -1 3204
 53  53 -1 3204
 27  52 +1 3205
 30   1 -1 3205
 53  53 -1 3205
 27  52 +1 3206
 30   1 -1 3206
 36   1 +1 3206
 53  53 -1 3206
 27  52 +1 3207
 30   1 -1 3207
 36   1 +1 3207
 53  53 -1 3207
 27  51 +1 3208
 30   1 -1 3208
 53  52 -1 3208
 27  53 +1 3209
 30   1 -1 3209
 36  63 +1 3209
 53  52 -1 3209
 27  53 +1 3210
 30   1 -1 3210
 52  53 -1 3210
 26  53 +1 3211
 30   1 -1 3211
 54  53 -1 3211
 27  52 +1 3212
 29   1 -1 3212
 37  63 +1 3212
 53  54 -1 3212
 26  53 +1 3213
 29   1 -1 3213
 37  63 +1 3213
 53  52 -1 3213
 26  53 +1 3214
 29   1 -1 3214
 36  63 +1 3214
 53  53 -1 3214
 26  53 +1 3215
 29   1 -1 3215
 36  62 +1 3215
 53  53 -1 3215
 26  53 +1 3216
 30   1 -1 3216
 37  63 +1 3216
 53  53 -1 3216
 27  53 +1 3217
 37  63 +1 3217
 53  52 -1 3217
 28  53 +1 3218
 53  53 -1 3218
 28  53 +1 3219
 29   1 -1 3219
 37  62 +1 3219
 53  53 -1 3219
 28   1 -1 3220
 29  53 +1 3220
 38  63 +1 3220
 53  53 -1 3220
 28   1 -1 3221
 28  53 +1 3221
 38  63 +1 3221
 54  52 -1 3221
 28  53 +1 3222
 29   1 -1 3222
 39  63 +1 3222
 54  52 -1 3222
 28  53 +1 3223
 39  63 +1 3223
 54  53 -1 3223
 28  54 +1 3224
 29   2 -1 3224
 40  63 +1 3224
 54  52 -1 3224
 28   2 -1 3225
 28  54 +1 3225
 40  63 +1 3225
 54  52 -1 3225
 28   1 +1 3226
 28   2 -1 3226
 28  63 -1 3226
 29  54 +1 3226
 39  62 +1 3226
 53  52 -1 3226
 28   1 -1 3227
 29  53 +1 3227
 40  62 +1 3227
 53  51 -1 3227
 29  53 +1 3228
 39  63 +1 3228
 53  52 -1 3228
 29  53 +1 3229
 29  63 -1 3229
 39  62 +1 3229
 53  52 -1 3229
 29  63 -1 3230
 31  53 +1 3230
 39  62 +1 3230
 53  52 -1 3230
 29  63 -1 3231
 30  54 +1 3231
 39  63 +1 3231
 53  52 -1 3231
 29  63 -1 3232
 30  54 +1 3232
 39  63 +1 3232
 53  52 -1 3232
 29  54 +1 3233
 39  63 +1 3233
 53  52 -1 3233
 29  55 +1 3234
 39  63 +1 3234
 53  52 -1 3234
 29  54 +1 3235
 39  63 +1 3235
 53  52 -1 3235
 29  54 +1 3236
 39  63 +1 3236
 52  52 -1 3236
 29  54 +1 3237
 40  63 +1 3237
 52  52 -1 3237
 28   1 -1 3238
 29  54 +1 3238
 39  62 +1 3238
 53  52 -1 3238
 28   1 -1 3239
 29  54 +1 3239
 40  63 +1 3239
 53  53 -1 3239
 27  54 +1 3240
 29   1 -1 3240
 40  63 +1 3240
 52  52 -1 3240
 28  53 +1 3241
 40  63 +1 3241
 52  52 -1 3241
 28  54 +1 3242
 30   1 -1 3242
 40  63 +1 3242
 52  52 -1 3242
 28  54 +1 3243
 30   2 -1 3243
 52  52 -1 3243
 29   1 -1 3244
 29  54 +1 3244
 52  52 -1 3244
 28  54 +1 3245
 29   1 -1 3245
 41  63 +1 3245
 51  53 -1 3245
 29   2 -1 3246
 29  54 +1 3246
 41  62 +1 3246
 51  53 -1 3246
 28   2 -1 3247
 29  54 +1 3247
 41  62 +1 3247
 52  53 -1 3247
 28   2 -1 3248
 29  54 +1 3248
 41  62 +1 3248
 51  53 -1 3248
 28   2 -1 3249
 29  55 +1 3249
 41  62 +1 3249
 51  53 -1 3249
 28   3 -1 3250
 29  54 +1 3250
 41  62 +1 3250
 51  53 -1 3250
 28   3 -1 3251
 29  54 +1 3251
 41  62 +1 3251
 51  54 -1 3251
 28   3 -1 3252
 29  54 +1 3252
 41  62 +1 3252
 51  53 -1 3252
 28   4 -1 3253
 29  54 +1 3253
 41  62 +1 3253
 50  52 -1 3253
 28   4 -1 3254
 29  53 +1 3254
 41  62 +1 3254
 51  53 -1 3254
 28   4 -1 3255
 29  53 +1 3255
 41  62 +1 3255
 50  52 -1 3255
 50  53 +1 3255
 51  53 -1 3255
 29   3 -1 3256
 29  53 +1 3256
 41  62 +1 3256
 51  53 -1 3256
 29  53 +1 3257
 30   3 -1 3257
 42  62 +1 3257
 51  52 -1 3257
 28   3 -1 3258
 29  54 +1 3258
 41  62 +1 3258
 50  52 -1 3258
 29   3 -1 3259
 29  53 +1 3259
 41  62 +1 3259
 51  52 -1 3259
 29   3 -1 3260
 29  53 +1 3260
 42  61 +1 3260
 51  52 -1 3260
 29   2 -1 3261
 29  53 +1 3261
 42  61 +1 3261
 51  53 -1 3261
 28   2 -1 3262
 29  53 +1 3262
 41  62 +1 3262
 51  52 -1 3262
 29   2 -1 3263
 29  52 -1 3263
 29  53 +1 3263
 30  52 +1 3263
 41  62 +1 3263
 51  53 -1 3263
 29  52 +1 3264
 30   2 -1 3264
 41  62 +1 3264
 51  53 -1 3264
 29   1 -1 3265
 30  54 +1 3265
 41  62 +1 3265
 51  53 -1 3265
 30   1 -1 3266
 30  53 +1 3266
 41  62 +1 3266
 51  53 -1 3266
 29   1 -1 3267
 30  53 +1 3267
 41  61 +1 3267
 52  54 -1 3267
 30  53 +1 3268
 40  62 +1 3268
 52  53 -1 3268
 29  53 +1 3269
 40  62 +1 3269
 51  53 -1 3269
 29  53 +1 3270
 40  62 +1 3270
 50  53 -1 3270
 29  53 +1 3271
 30  63 -1 3271
 40  61 +1 3271
 50  53 -1 3271
 30  53 +1 3272
 40  61 +1 3272
 49  53 -1 3272
 27   1 -1 3273
 29  53 +1 3273
 41  61 +1 3273
 50  53 -1 3273
 28   1 -1 3274
 29  53 +1 3274
 39  61 +1 3274
 49  53 -1 3274
 28   2 -1 3275
 29  53 +1 3275
 40  62 +1 3275
 50  53 -1 3275
 28   1 -1 3276
 29  54 +1 3276
 40  61 +1 3276
 49  53 -1 3276
 28   1 -1 3277
 28  54 +1 3277
 39  62 +1 3277
 49  53 -1 3277
 27   1 -1 3278
 29  55 +1 3278
 40  62 +1 3278
 49  53 -1 3278
 27   1 -1 3279
 28  54 +1 3279
 40  61 +1 3279
 48  53 -1 3279
 27   1 -1 3280
 29  55 +1 3280
 40  61 +1 3280
 49  52 -1 3280
 27   1 -1 3281
 28  55 +1 3281
 40  62 +1 3281
 49  52 -1 3281
 29  56 +1 3282
 40  61 +1 3282
 50  53 -1 3282
 27   1 -1 3283
 29  56 +1 3283
 40  62 +1 3283
 50  53 -1 3283
 27   1 -1 3284
 29  56 +1 3284
 40  61 +1 3284
 51  53 -1 3284
 27   2 -1 3285
 29  56 +1 3285
 40  62 +1 3285
 51  52 -1 3285
 28  56 +1 3286
 40  62 +1 3286
 51  52 -1 3286
 28  56 +1 3287
 40  62 +1 3287
 51  52 -1 3287
 27   1 -1 3288
 28  56 +1 3288
 40  61 +1 3288
 51  52 -1 3288
 27   1 -1 3289
 28  56 +1 3289
 40  62 +1 3289
 51  53 -1 3289
 27   1 -1 3290
 27  56 +1 3290
 39  62 +1 3290
 50  52 -1 3290
 27   2 -1 3291
 27  56 +1 3291
 39  62 +1 3291
 52  52 -1 3291
 27  56 +1 3292
 28   2 -1 3292
 39  62 +1 3292
 51  52 -1 3292
 26  56 +1 3293
 28   2 -1 3293
 39  62 +1 3293
 49  52 -1 3293
 50  52 +1 3293
 52  52 -1 3293
 26  57 +1 3294
 29   2 -1 3294
 39  62 +1 3294
 51  52 -1 3294
 26  57 +1 3295
 29   2 -1 3295
 39  63 +1 3295
 51  52 -1 3295
 27  55 +1 3296
 29   2 -1 3296
 40  62 +1 3296
 51  53 -1 3296
 27  56 +1 3297
 29   2 -1 3297
 39  62 +1 3297
 51  53 -1 3297
 26  56 +1 3298
 30   2 -1 3298
 39  62 +1 3298
 50  53 -1 3298
 25  57 +1 3299
 30   2 -1 3299
 39  63 +1 3299
 48  51 -1 3299
 25  56 +1 3300
 30   2 -1 3300
 40  63 +1 3300
 48  51 -1 3300
 25  56 +1 3301
 29   3 -1 3301
 40  63 +1 3301
 49  51 -1 3301
 25  55 +1 3302
 29   1 -1 3302
 39  63 +1 3302
 50  52 -1 3302
 25  54 +1 3303
 29   2 -1 3303
 40  63 +1 3303
 49  52 -1 3303
 25  55 +1 3304
 30   2 -1 3304
 40  62 +1 3304
 50  52 -1 3304
 26  55 +1 3305
 27   3 -1 3305
 28   3 +1 3305
 29   1 -1 3305
 40  63 +1 3305
 49  52 -1 3305
 26  55 +1 3306
 27   2 -1 3306
 40  63 +1 3306
 49  52 -1 3306
 26  56 +1 3307
 27   2 -1 3307
 39  62 +1 3307
 50  52 -1 3307
 26  55 +1 3308
 28   2 -1 3308
 40  62 +1 3308
 50  52 -1 3308
 26  55 +1 3309
 28   1 -1 3309
 40  62 +1 3309
 51  52 -1 3309
 25  53 +1 3310
 28   2 -1 3310
 39  63 +1 3310
 51  53 -1 3310
 26  54 +1 3311
 28   1 -1 3311
 39  63 +1 3311
 51  53 -1 3311
 26  54 +1 3312
 29   2 -1 3312
 39  63 +1 3312
 50  52 -1 3312
 26  53 +1 3313
 29   1 -1 3313
 39  63 +1 3313
 51  52 -1 3313
 26  53 +1 3314
 29   1 -1 3314
 39  62 +1 3314
 51  52 -1 3314
 25  54 +1 3315
 29   1 -1 3315
 39  62 +1 3315
 51  52 -1 3315
 25  54 +1 3316
 39  61 +1 3316
 51  52 -1 3316
 25  54 +1 3317
 28   1 -1 3317
 39  61 +1 3317
 51  52 -1 3317
 25  54 +1 3318
 28   1 -1 3318
 40  61 +1 3318
 50  52 -1 3318
 25  54 +1 3319
 40  61 +1 3319
 51  52 -1 3319
 25  55 +1 3320
 40  61 +1 3320
 51  52 -1 3320
 25  54 +1 3321
 28   1 -1 3321
 39  60 +1 3321
 51  53 -1 3321
 24  54 +1 3322
 29   1 -1 3322
 39  61 +1 3322
 46  25 -1 3322
 47  26 +1 3322
 51  53 -1 3322
 25  54 +1 3323
 28   1 -1 3323
 38  61 +1 3323
 51  53 -1 3323
 24  54 +1 3324
 29   1 -1 3324
 38  61 +1 3324
 51  52 -1 3324
 24  54 +1 3325
 28   1 -1 3325
 38  61 +1 3325
 52  52 -1 3325
 24  54 +1 3326
 28   1 -1 3326
 39  61 +1 3326
 52  52 -1 3326
 24  54 +1 3327
 27   1 -1 3327
 40  62 +1 3327
 51  52 -1 3327
 25  54 +1 3328
 27   1 -1 3328
 39  62 +1 3328
 51  52 -1 3328
 24  55 +1 3329
 27   1 -1 3329
 39  62 +1 3329
 52  53 -1 3329
 25  55 +1 3330
 27   1 -1 3330
 39  62 +1 3330
 51  53 -1 3330
 25  55 +1 3331
 27   1 -1 3331
 39  62 +1 3331
 51  52 -1 3331
 25  55 +1 3332
 28   1 -1 3332
 39  63 +1 3332
 51  52 -1 3332
 25  55 +1 3333
 28   1 -1 3333
 39  63 +1 3333
 51  53 -1 3333
 25  55 +1 3334
 28   1 -1 3334
 39  63 +1 3334
 51  53 -1 3334
 25  55 +1 3335
 28  62 -1 3335
 28  63 +1 3335
 39  62 +1 3335
 51  53 -1 3335
 25  55 +1 3336
 39  62 +1 3336
 51  53 -1 3336
 25  54 +1 3337
 38  63 +1 3337
 51  53 -1 3337
 25  53 +1 3338
 38  63 +1 3338
 49  52 -1 3338
 25  53 +1 3339
 29  63 -1 3339
 49  52 -1 3339
 25  53 +1 3340
 28  63 -1 3340
 38  63 +1 3340
 49  52 -1 3340
 25  53 +1 3341
 29  63 -1 3341
 38  63 +1 3341
 49  51 -1 3341
 25  52 +1 3342
 29  63 -1 3342
 37  63 +1 3342
 50  52 -1 3342
 26  52 +1 3343
 50  52 -1 3343
 27  51 +1 3344
 49  53 -1 3344
 26  52 +1 3345
 29  63 -1 3345
 37  63 +1 3345
 48  53 -1 3345
 26  51 +1 3346
 29  63 -1 3346
 37  63 +1 3346
 50  53 -1 3346
 26  53 +1 3347
 29  63 -1 3347
 49  53 -1 3347
 25  52 +1 3348
 37  63 +1 3348
 50  53 -1 3348
 25  52 +1 3349
 38   1 +1 3349
 51  53 -1 3349
 24  52 +1 3350
 29  63 -1 3350
 38   1 +1 3350
 50  53 -1 3350
 24  52 +1 3351
 30  63 -1 3351
 37   1 +1 3351
 50  52 -1 3351
 24  52 +1 3352
 29  63 -1 3352
 37   2 +1 3352
 50  53 -1 3352
 24  52 +1 3353
 29  63 -1 3353
 37   2 +1 3353
 52  53 -1 3353
 24  52 +1 3354
 29  62 -1 3354
 36   2 +1 3354
 52  53 -1 3354
 25  52 +1 3355
 29  63 -1 3355
 36   2 +1 3355
 52  52 -1 3355
 25  53 +1 3356
 29  62 -1 3356
 37   3 +1 3356
 52  52 -1 3356
 25  53 +1 3357
 29  63 -1 3357
 38   2 +1 3357
 52  52 -1 3357
 25  52 +1 3358
 29  63 -1 3358
 38   2 +1 3358
 52  52 -1 3358
 25  52 +1 3359
 29  62 -1 3359
 37   3 +1 3359
 52  52 -1 3359
 26  53 +1 3360
 30  63 -1 3360
 37   2 +1 3360
 53  54 -1 3360
 26  52 +1 3361
 30  63 -1 3361
 37   2 +1 3361
 52  53 -1 3361
 26  52 +1 3362
 30  62 -1 3362
 37   1 +1 3362
 52  54 -1 3362
 26  52 +1 3363
 30  62 -1 3363
 36   2 +1 3363
 52  53 -1 3363
 25  52 +1 3364
 30  62 -1 3364
 36   2 +1 3364
 53  53 -1 3364
 26  52 +1 3365
 31  62 -1 3365
 36   2 +1 3365
 52  54 -1 3365
 26  51 +1 3366
 30  61 -1 3366
 37   1 +1 3366
 52  54 -1 3366
 53  21 +1 3366
 54  21 -1 3366
 26  51 +1 3367
 29  61 -1 3367
 37   2 +1 3367
 52  54 -1 3367
 26  51 +1 3368
 29  62 -1 3368
 37   2 +1 3368
 52  53 -1 3368
 26  52 +1 3369
 29  61 -1 3369
 37   2 +1 3369
 52  53 -1 3369
 26  52 +1 3370
 29  61 -1 3370
 37   2 +1 3370
 52  53 -1 3370
 25  51 +1 3371
 29  61 -1 3371
 36   1 +1 3371
 52  53 -1 3371
 24  51 +1 3372
 29  61 -1 3372
 37   2 +1 3372
 52  53 -1 3372
 26  51 +1 3373
 29  61 -1 3373
 37   2 +1 3373
 52  53 -1 3373
 24  51 +1 3374
 29  61 -1 3374
 36   1 +1 3374
 51  53 -1 3374
 25  51 +1 3375
 30  61 -1 3375
 37   1 +1 3375
 51  53 -1 3375
 25  52 +1 3376
 31  62 -1 3376
 37   1 +1 3376
 37  63 +1 3376
 52  53 -1 3376
 25  52 +1 3377
 31  62 -1 3377
 37   2 +1 3377
 52  52 -1 3377
 25  52 +1 3378
 30  62 -1 3378
 37   2 +1 3378
 52  52 -1 3378
 25  52 +1 3379
 30  62 -1 3379
 37   1 +1 3379
 52  52 -1 3379
 25  52 +1 3380
 29  62 -1 3380
 38   1 +1 3380
 52  52 -1 3380
 25  52 +1 3381
 29  62 -1 3381
 52  53 -1 3381
 25  53 +1 3382
 30  62 -1 3382
 52  53 -1 3382
 25  52 +1 3383
 30  62 -1 3383
 37   1 +1 3383
 52  53 -1 3383
 25  52 +1 3384
 29  62 -1 3384
 38   1 +1 3384
 53  54 -1 3384
 26  51 +1 3385
 29  62 -1 3385
 38   3 +1 3385
 52  53 -1 3385
 25  51 +1 3386
 29  63 -1 3386
 38   3 +1 3386
 52  54 -1 3386
 25  52 +1 3387
 28  62 -1 3387
 38   1 +1 3387
 53  55 -1 3387
 25  52 +1 3388
 28  62 -1 3388
 38   1 -1 3388
 38   2 +1 3388
 38  63 +1 3388
 53  55 -1 3388
 25  51 +1 3389
 28  62 -1 3389
 38   1 +1 3389
 54  55 -1 3389
 24  51 +1 3390
 28  63 -1 3390
 38   1 +1 3390
 54  55 -1 3390
 24  51 +1 3391
 28  62 -1 3391
 39   1 +1 3391
 54  56 -1 3391
 25  52 +1 3392
 28  63 -1 3392
 39   1 +1 3392
 53  55 -1 3392
 24  52 +1 3393
 28  63 -1 3393
 39   1 +1 3393
 53  55 -1 3393
 25  52 +1 3394
 28  63 -1 3394
 38   1 +1 3394
 54  54 -1 3394
 24  52 +1 3395
 28  62 -1 3395
 38   1 +1 3395
 53  55 -1 3395
 24  52 +1 3396
 28  63 -1 3396
 38   1 +1 3396
 53  55 -1 3396
 24  52 +1 3397
 29  63 -1 3397
 39   2 +1 3397
 53  55 -1 3397
 23  53 +1 3398
 39   1 +1 3398
 53  55 +1 3398
 53  56 -1 3398
 54  54 -1 3398
 24  52 +1 3399
 29  63 -1 3399
 39   1 +1 3399
 54  53 -1 3399
 25  52 +1 3400
 39   1 +1 3400
 55  54 -1 3400
 24  54 +1 3401
 29  63 -1 3401
 55  54 -1 3401
 23  53 +1 3402
 29  63 -1 3402
 55  55 -1 3402
 23  53 +1 3403
 29  63 -1 3403
 54  54 -1 3403
 24  52 +1 3404
 29  63 -1 3404
 55  54 -1 3404
 23  52 +1 3405
 29  63 -1 3405
 55  54 -1 3405
 23  53 +1 3406
 29  63 -1 3406
 54  54 -1 3406
 23  52 +1 3407
 28  63 -1 3407
 39   1 +1 3407
 54  54 -1 3407
 23  52 +1 3408
 28  63 -1 3408
 39   1 +1 3408
 54  54 -1 3408
 23  52 +1 3409
 28  63 -1 3409
 55  55 -1 3409
 23  52 +1 3410
 28  63 -1 3410
 38   1 +1 3410
 54  55 -1 3410
 23  52 +1 3411
 28  63 -1 3411
 54  54 -1 3411
 23  52 +1 3412
 28  63 -1 3412
 55  55 -1 3412
 23  52 +1 3413
 28  63 -1 3413
 29  63 +1 3413
 30  63 -1 3413
 54  54 -1 3413
 22  52 +1 3414
 29  63 -1 3414
 54  54 -1 3414
 23  52 +1 3415
 28  62 -1 3415
 38   1 +1 3415
 53  55 -1 3415
 62  33 -1 3415
 63  33 +1 3415
 23  51 +1 3416
 29  63 -1 3416
 53  55 -1 3416
 23  51 +1 3417
 29  63 -1 3417
 53  54 -1 3417
 24  51 +1 3418
 30  62 -1 3418
 53  55 -1 3418
 24  51 +1 3419
 29  63 -1 3419
 53  54 -1 3419
 23  50 +1 3420
 29  63 -1 3420
 37   1 +1 3420
 54  54 -1 3420
 23  51 +1 3421
 29  63 -1 3421
 37   1 +1 3421
 54  54 -1 3421
 22  51 +1 3422
 29  63 -1 3422
 37   1 +1 3422
 54  54 -1 3422
 24  51 +1 3423
 29  63 -1 3423
 38   1 +1 3423
 54  54 -1 3423
 24  51 +1 3424
 29  63 -1 3424
 38   1 +1 3424
 53  54 -1 3424
 23  51 +1 3425
 29  63 -1 3425
 37   1 +1 3425
 54  54 -1 3425
 23  51 +1 3426
 37   1 +1 3426
 55  53 -1 3426
 23  52 +1 3427
 29  62 -1 3427
 37   2 +1 3427
 54  54 -1 3427
 23  51 +1 3428
 29  61 -1 3428
 37   1 +1 3428
 54  53 -1 3428
 22  51 +1 3429
 28  61 -1 3429
 54  54 -1 3429
 24  51 +1 3430
 28  61 -1 3430
 37   1 +1 3430
 54  54 -1 3430
 23  51 +1 3431
 28  61 -1 3431
 54  54 -1 3431
 23  51 +1 3432
 28  61 -1 3432
 39   1 +1 3432
 53  55 -1 3432
 22  51 +1 3433
 23  51 -1 3433
 24  51 +1 3433
 28  61 -1 3433
 53  55 -1 3433
 23  51 +1 3434
 28  61 -1 3434
 53  55 -1 3434
 23  51 +1 3435
 29  61 -1 3435
 53  55 -1 3435
 23  50 +1 3436
 28  61 -1 3436
 39  63 +1 3436
 53  55 -1 3436
 23  50 +1 3437
 28  60 -1 3437
 53  55 -1 3437
 23  50 +1 3438
 28  60 -1 3438
 40  63 +1 3438
 53  54 -1 3438
 23  50 +1 3439
 28  61 -1 3439
 41  63 +1 3439
 53  55 -1 3439
 23  50 +1 3440
 28  61 -1 3440
 40  62 +1 3440
 53  54 -1 3440
 23  50 +1 3441
 29  62 -1 3441
 40  62 +1 3441
 53  54 -1 3441
 23  50 +1 3442
 29  62 -1 3442
 40  62 +1 3442
 53  55 -1 3442
 24  50 +1 3443
 29  62 -1 3443
 40  63 +1 3443
 53  55 -1 3443
 23  50 +1 3444
 28  62 -1 3444
 53  55 -1 3444
 23  50 +1 3445
 28  62 -1 3445
 39  63 +1 3445
 53  55 -1 3445
 23  50 +1 3446
 28  61 -1 3446
 40  63 +1 3446
 53  55 -1 3446
 23  51 +1 3447
 28  62 -1 3447
 39  63 +1 3447
 53  55 -1 3447
 23  50 +1 3448
 28  62 -1 3448
 39  63 +1 3448
 53  55 -1 3448
 22  50 +1 3449
 28  62 -1 3449
 39  63 +1 3449
 53  55 -1 3449
 23  51 +1 3450
 28  62 -1 3450
 39  63 +1 3450
 54  55 -1 3450
 23  51 +1 3451
 28  62 -1 3451
 38  62 +1 3451
 55  53 -1 3451
 23  51 +1 3452
 29  62 -1 3452
 38  62 +1 3452
 55  53 -1 3452
 23  51 +1 3453
 29  62 -1 3453
 38  62 +1 3453
 54  54 -1 3453
 23  50 +1 3454
 29  62 -1 3454
 38  62 +1 3454
 54  54 -1 3454
 23  50 +1 3455
 30  62 -1 3455
 38  62 +1 3455
 54  54 -1 3455
 22  50 +1 3456
 30  62 -1 3456
 38  62 +1 3456
 55  53 -1 3456
 23  50 +1 3457
 30  63 -1 3457
 38  62 +1 3457
 55  53 -1 3457
 23  51 +1 3458
 30  63 -1 3458
 38  62 +1 3458
 54  53 -1 3458
 23  51 +1 3459
 31  62 -1 3459
 38  63 +1 3459
 53  54 -1 3459
 23  51 +1 3460
 30  62 -1 3460
 38  62 +1 3460
 53  54 -1 3460
 21  50 +1 3461
 22  50 -1 3461
 23  50 +1 3461
 31  63 -1 3461
 38  63 +1 3461
 53  54 -1 3461
 23  50 +1 3462
 31  63 -1 3462
 38  62 +1 3462
 53  54 -1 3462
 23  49 +1 3463
 31  63 -1 3463
 37  62 +1 3463
 54  54 -1 3463
 23  49 +1 3464
 31  63 -1 3464
 37  62 +1 3464
 54  54 -1 3464
 22  49 +1 3465
 31  63 -1 3465
 37  62 +1 3465
 53  54 -1 3465
 23  50 +1 3466
 30  62 -1 3466
 36  19 -1 3466
 37  19 +1 3466
 37  63 +1 3466
 53  53 -1 3466
 23  50 +1 3467
 30  62 -1 3467
 36  19 -1 3467
 37  19 +1 3467
 37  62 +1 3467
 53  53 -1 3467
 24  50 +1 3468
 30  62 -1 3468
 37  62 +1 3468
 53  54 -1 3468
 25  50 +1 3469
 29  63 -1 3469
 37  63 +1 3469
 38  63 -1 3469
 39  63 +1 3469
 53  54 -1 3469
 24  50 +1 3470
 30  62 -1 3470
 39  63 +1 3470
 53  53 -1 3470
 24  49 +1 3471
 30  62 -1 3471
 38  63 +1 3471
 53  53 -1 3471
 23  49 +1 3472
 30  62 -1 3472
 38  63 +1 3472
 53  53 -1 3472
 24  49 +1 3473
 30  63 -1 3473
 38  63 +1 3473
 52  53 -1 3473
 24  49 +1 3474
 29  62 -1 3474
 38  63 +1 3474
 52  52 -1 3474
 25  50 +1 3475
 29  63 -1 3475
 38  63 +1 3475
 52  53 -1 3475
 25  49 +1 3476
 29  62 -1 3476
 38  63 +1 3476
 51  52 -1 3476
 24  48 +1 3477
 29  62 -1 3477
 38  63 +1 3477
 51  53 -1 3477
 24  49 +1 3478
 29  62 -1 3478
 51  52 -1 3478
 24  50 +1 3479
 30  62 -1 3479
 37  63 +1 3479
 52  53 -1 3479
 24  49 +1 3480
 30  62 -1 3480
 51  53 -1 3480
 24  49 +1 3481
 30  61 -1 3481
 51  53 -1 3481
 25  49 +1 3482
 30  63 -1 3482
 51  53 -1 3482
 25  49 +1 3483
 29  61 -1 3483
 39  63 +1 3483
 51  53 -1 3483
 25  49 +1 3484
 29  62 -1 3484
 51  53 -1 3484
 25  49 +1 3485
 30  62 -1 3485
 51  53 -1 3485
 25  49 +1 3486
 30  62 -1 3486
 51  53 -1 3486
 25  49 +1 3487
 30  62 -1 3487
 51  56 -1 3487
 24  49 +1 3488
 30  63 -1 3488
 39  63 +1 3488
 51  55 -1 3488
 23  50 +1 3489
 30  62 -1 3489
 39  63 +1 3489
 51  55 -1 3489
 24  50 +1 3490
 30  62 -1 3490
 39  62 +1 3490
 51  55 -1 3490
 24  49 +1 3491
 31  62 -1 3491
 40  62 +1 3491
 51  55 -1 3491
 23  49 +1 3492
 30  62 -1 3492
 40  63 +1 3492
 51  55 -1 3492
 23  49 +1 3493
 30  62 -1 3493
 39  63 +1 3493
 51  55 -1 3493
 23  49 +1 3494
 30  62 -1 3494
 39  63 +1 3494
 51  55 -1 3494
 23  49 +1 3495
 31  63 -1 3495
 39  63 +1 3495
 51  55 -1 3495
 23  49 +1 3496
 31  62 -1 3496
 39  63 +1 3496
 52  55 -1 3496
 23  49 +1 3497
 31  62 -1 3497
 52  54 -1 3497
 23  49 +1 3498
 31  62 -1 3498
 52  54 -1 3498
 23  49 +1 3499
 30  62 -1 3499
 39  63 +1 3499
 52  54 -1 3499
 24  49 +1 3500
 30  62 -1 3500
 39  63 +1 3500
 52  54 -1 3500
 24  49 +1 3501
 30  62 -1 3501
 39  63 +1 3501
 49  54 +1 3501
 49  55 -1 3501
 51  55 -1 3501
 24  49 +1 3502
 30  61 -1 3502
 51  55 -1 3502
 24  49 +1 3503
 29  61 -1 3503
 38  63 +1 3503
 51  56 -1 3503
 24  50 +1 3504
 30  61 -1 3504
 52  55 -1 3504
 25  50 +1 3505
 31  61 -1 3505
 38   1 +1 3505
 51  55 -1 3505
 24  50 +1 3506
 31  62 -1 3506
 37   1 +1 3506
 51  55 -1 3506
 24  49 +1 3507
 30  62 -1 3507
 38   1 +1 3507
 51  55 -1 3507
 24  49 +1 3508
 30  62 -1 3508
 38   1 +1 3508
 51  55 -1 3508
 24  49 +1 3509
 31  63 -1 3509
 38   1 +1 3509
 45  30 -1 3509
 45  31 +1 3509
 51  55 -1 3509
 24  51 +1 3510
 31  63 -1 3510
 38   1 +1 3510
 51  55 -1 3510
 24  51 +1 3511
 30  63 -1 3511
 39   2 +1 3511
 52  54 -1 3511
 24  51 +1 3512
 31  62 -1 3512
 38   2 +1 3512
 52  54 -1 3512
 24  51 +1 3513
 31  63 -1 3513
 38   3 +1 3513
 52  54 -1 3513
 24  51 +1 3514
 31  63 -1 3514
 38   2 +1 3514
 52  54 -1 3514
 25  51 +1 3515
 31  63 -1 3515
 38   2 +1 3515
 52  54 -1 3515
 24  51 +1 3516
 31  63 -1 3516
 38   2 +1 3516
 51  55 -1 3516
 24  51 +1 3517
 31  62 -1 3517
 38   2 +1 3517
 52  54 -1 3517
 23  51 +1 3518
 31  62 -1 3518
 37   1 +1 3518
 52  53 -1 3518
 24  51 +1 3519
 30  62 -1 3519
 37   2 +1 3519
 52  53 -1 3519
 24  50 +1 3520
 30  62 -1 3520
 37   3 +1 3520
 51  54 -1 3520
 24  50 +1 3521
 30  62 -1 3521
 37   3 +1 3521
 52  54 -1 3521
 24  50 +1 3522
 30  62 -1 3522
 37   3 +1 3522
 52  54 -1 3522
 24  49 +1 3523
 30  62 -1 3523
 38   3 +1 3523
 52  55 -1 3523
 24  49 +1 3524
 31  62 -1 3524
 37   3 +1 3524
 52  55 -1 3524
 24  49 +1 3525
 31  62 -1 3525
 38   4 +1 3525
 52  54 -1 3525
 24  49 +1 3526
 32  62 -1 3526
 38   4 +1 3526
 52  54 -1 3526
 24  49 +1 3527
 30  62 -1 3527
 38   3 +1 3527
 52  54 -1 3527
 24  49 +1 3528
 31  63 -1 3528
 38   3 +1 3528
 52  55 -1 3528
 24  49 +1 3529
 32  63 -1 3529
 37   3 +1 3529
 52  55 -1 3529
 25  49 +1 3530
 32  63 -1 3530
 37   3 +1 3530
 52  55 -1 3530
 25  49 +1 3531
 32  63 -1 3531
 37   3 +1 3531
 52  55 -1 3531
 25  49 +1 3532
 32  63 -1 3532
 37   2 +1 3532
 52  55 -1 3532
 26  49 +1 3533
 31  63 -1 3533
 37   2 +1 3533
 52  55 -1 3533
 25  48 +1 3534
 31  63 -1 3534
 38   2 +1 3534
 52  55 -1 3534
 26  48 +1 3535
 30  63 -1 3535
 37   3 +1 3535
 52  55 -1 3535
 25  48 +1 3536
 31  63 -1 3536
 38   4 +1 3536
 52  56 -1 3536
 25  48 +1 3537
 30  63 -1 3537
 38   4 +1 3537
 53  56 -1 3537
 25  49 +1 3538
 31  63 -1 3538
 37   4 +1 3538
 53  56 -1 3538
 25  49 +1 3539
 37   4 +1 3539
 53  56 -1 3539
 25  48 +1 3540
 25  51 -1 3540
 26  52 +1 3540
 31  62 -1 3540
 37   4 +1 3540
 51  55 -1 3540
 25  48 +1 3541
 25  51 -1 3541
 25  52 +1 3541
 36   3 +1 3541
 52  55 -1 3541
 26  48 +1 3542
 38   3 +1 3542
 52  55 -1 3542
 26  48 +1 3543
 36   3 +1 3543
 52  55 -1 3543
 26  49 +1 3544
 32  63 -1 3544
 37   1 +1 3544
 50  55 -1 3544
 51  55 +1 3544
 52  55 -1 3544
 26  48 +1 3545
 37   1 +1 3545
 52  55 -1 3545
 26  48 +1 3546
 38   2 +1 3546
 51  55 -1 3546
 26  48 +1 3547
 36   1 +1 3547
 37   2 -1 3547
 38   2 +1 3547
 51  55 -1 3547
 26  49 +1 3548
 37   1 +1 3548
 51  56 -1 3548
 27  48 +1 3549
 36   1 +1 3549
 51  56 -1 3549
 27  48 +1 3550
 36   1 +1 3550
 52  54 -1 3550
 52  55 +1 3550
 52  56 -1 3550
 26  48 +1 3551
 52  55 -1 3551
 27  48 +1 3552
 52  55 -1 3552
 26  49 +1 3553
 26  50 -1 3553
 26  51 +1 3553
 51  55 -1 3553
 25  52 +1 3554
 51  56 -1 3554
 26  52 +1 3555
 51  56 -1 3555
 26  52 +1 3556
 51  56 -1 3556
 26  52 +1 3557
 51  57 -1 3557
 26  51 +1 3558
 51  57 -1 3558
 25  51 +1 3559
 51  55 -1 3559
 25  50 +1 3560
 51  55 -1 3560
 25  50 +1 3561
 52  56 -1 3561
 26  50 +1 3562
 52  56 -1 3562
 26  49 +1 3563
 51  56 -1 3563
 27  51 +1 3564
 51  56 -1 3564
 26  52 +1 3565
 52  55 -1 3565
 27  51 +1 3566
 52  55 -1 3566
 27  52 +1 3567
 27  53 -1 3567
 27  54 +1 3567
 52  57 -1 3567
 27  54 +1 3568
 53  56 -1 3568
 18  16 +1 3569
 19  16 -1 3569
 28  54 +1 3569
 53  56 -1 3569
 27  52 +1 3570
 53  56 -1 3570
 27  51 +1 3571
 52  56 -1 3571
 27  52 +1 3572
 52  56 -1 3572
 27  52 +1 3573
 52  56 -1 3573
 27  53 +1 3574
 52  56 -1 3574
 27  52 +1 3575
 52  57 -1 3575
 27  52 +1 3576
 52  57 -1 3576
 26  53 +1 3577
 52  57 -1 3577
 26  52 +1 3578
 52  57 -1 3578
 25  53 +1 3579
 52  58 -1 3579
 25  52 +1 3580
 53  56 -1 3580
 25  30 +1 3581
 25  31 -1 3581
 25  52 +1 3581
 52  57 -1 3581
 25  52 +1 3582
 53  57 -1 3582
 25  52 +1 3583
 52  56 -1 3583
 25  52 +1 3584
 52  57 -1 3584
 25  52 +1 3585
 51  57 -1 3585
 25  52 +1 3586
 51  57 -1 3586
 24  52 +1 3587
 52  57 -1 3587
 25  50 +1 3588
 52  58 -1 3588
 25  52 +1 3589
 52  58 -1 3589
 24  52 +1 3590
 52  58 -1 3590
 24  51 +1 3591
 51  57 -1 3591
 24  52 +1 3592
 51  57 -1 3592
 23  51 +1 3593
 51  57 -1 3593
 23  50 +1 3594
 50  57 -1 3594
 22  51 +1 3595
 50  57 -1 3595
 23  51 +1 3596
 50  57 -1 3596
 22  51 +1 3597
 50  57 -1 3597
 23  51 +1 3598
 50  57 -1 3598
 50  58 +1 3598
 50  59 -1 3598
 23  51 +1 3599
 50  60 -1 3599
 23  51 +1 3600
 50  60 -1 3600
 23  50 +1 3601
 50  60 -1 3601
 23  50 +1 3602
 50  60 -1 3602
 23  50 +1 3603
 50  59 -1 3603
 23  50 +1 3604
 50  59 -1 3604
 23  50 +1 3605
 50  60 -1 3605
 23  50 +1 3606
 50  59 -1 3606
 23  50 +1 3607
 50  59 -1 3607
 24  49 +1 3608
 50  59 -1 3608
 24  49 +1 3609
 50  58 -1 3609
 24  49 +1 3610
 50  58 -1 3610
 24  49 +1 3611
 50  58 -1 3611
 24  49 +1 3612
 50  59 -1 3612
 24  49 +1 3613
 50  58 -1 3613
 25  49 +1 3614
 50  57 -1 3614
 25  49 +1 3615
 50  56 -1 3615
 50  58 +1 3615
 50  59 -1 3615
 25  49 +1 3616
 51  57 -1 3616
 25  49 +1 3617
 51  57 -1 3617
 25  49 +1 3618
 51  57 -1 3618
 25  49 +1 3619
 51  58 -1 3619
 24  49 +1 3620
 51  58 -1 3620
 24  49 +1 3621
 51  58 -1 3621
 24  49 +1 3622
 28  57 -1 3622
 30  58 +1 3622
 52  57 -1 3622
 25  48 +1 3623
 28  57 -1 3623
 29  58 +1 3623
 52  57 -1 3623
 24  48 +1 3624
 52  56 -1 3624
 24  50 +1 3625
 52  56 -1 3625
 24  49 +1 3626
 52  56 -1 3626
 24  49 +1 3627
 52  56 -1 3627
 25  49 +1 3628
 52  56 -1 3628
 25  51 +1 3629
 52  55 -1 3629
 25  51 +1 3630
 52  56 -1 3630
 24  51 +1 3631
 52  55 -1 3631
 25  52 +1 3632
 46  13 +1 3632
 47  12 -1 3632
 52  54 -1 3632
 25  52 +1 3633
 51  55 -1 3633
 25  52 +1 3634
 51  55 -1 3634
 25  52 +1 3635
 51  55 -1 3635
 24  52 +1 3636
 51  55 -1 3636
 24  54 +1 3637
 52  55 -1 3637
 24  54 +1 3638
 52  55 -1 3638
 24  54 +1 3639
 51  56 -1 3639
 24  54 +1 3640
 52  56 -1 3640
 24  53 +1 3641
 51  56 -1 3641
 25  53 +1 3642
 51  56 -1 3642
 25  53 +1 3643
 51  56 -1 3643
 25  54 +1 3644
 51  56 -1 3644
 25  54 +1 3645
 51  56 -1 3645
 24  53 +1 3646
 51  56 -1 3646
 24  53 +1 3647
 51  56 -1 3647
 24  54 +1 3648
 51  56 -1 3648
 24  54 +1 3649
 51  55 -1 3649
 23  54 +1 3650
 52  55 -1 3650
 23  54 +1 3651
 52  56 -1 3651
 24  54 +1 3652
 51  56 -1 3652
 24  54 +1 3653
 51  56 -1 3653
 24  54 +1 3654
 51  55 -1 3654
 24  53 +1 3655
 51  55 -1 3655
 24  53 +1 3656
 51  55 -1 3656
 25  53 +1 3657
 50  55 -1 3657
 25  53 +1 3658
 51  55 -1 3658
 25  52 +1 3659
 51  55 -1 3659
 26  52 +1 3660
 50  55 -1 3660
 26  51 +1 3661
 50  55 -1 3661
 26  51 +1 3662
 50  55 -1 3662
 26  51 +1 3663
 50  55 -1 3663
 26  51 +1 3664
 49  55 -1 3664
 25  51 +1 3665
 50  55 -1 3665
 24  51 +1 3666
 50  55 -1 3666
 26  52 +1 3667
 50  55 -1 3667
 26  51 +1 3668
 50  55 -1 3668
 25  51 +1 3669
 50  55 -1 3669
 24  51 +1 3670
 50  55 -1 3670
 24  51 +1 3671
 51  54 -1 3671
 24  51 +1 3672
 51  54 -1 3672
 24  50 +1 3673
 52  54 -1 3673
 24  50 +1 3674
 50  54 -1 3674
 24  50 +1 3675
 51  54 -1 3675
 24  50 +1 3676
 50  54 -1 3676
 24  50 +1 3677
 49  55 -1 3677
 25  50 +1 3678
 50  55 -1 3678
 25  51 +1 3679
 51  55 -1 3679
 25  51 +1 3680
 50  55 -1 3680
 24  51 +1 3681
 51  55 -1 3681
 24  51 +1 3682
 51  55 -1 3682
 25  51 +1 3683
 51  55 -1 3683
 25  51 +1 3684
 51  55 -1 3684
 25  52 +1 3685
 50  55 -1 3685
 26  52 +1 3686
 50  55 -1 3686
 25  52 +1 3687
 50  56 -1 3687
 25  52 +1 3688
 50  56 -1 3688
 24  52 +1 3689
 50  57 -1 3689
 24  52 +1 3690
 50  57 -1 3690
 23  51 +1 3691
 50  57 -1 3691
 24  52 +1 3692
 50  57 -1 3692
 23  50 +1 3693
 51  57 -1 3693
 22  51 +1 3694
 50  57 -1 3694
 24  52 +1 3695
 51  57 -1 3695
 24  53 +1 3696
 51  57 -1 3696
 24  52 +1 3697
 51  58 -1 3697
 25  52 +1 3698
 51  57 -1 3698
 24  51 +1 3699
 50  57 -1 3699
 24  51 +1 3700
 50  58 -1 3700
 23  51 +1 3701
 51  58 -1 3701
 25  51 +1 3702
 50  57 -1 3702
 25  51 +1 3703
 50  58 -1 3703
 24  51 +1 3704
 50  58 -1 3704
 24  51 +1 3705
 50  58 -1 3705
 24  51 +1 3706
 50  58 -1 3706
 24  51 +1 3707
 50  59 -1 3707
 24  51 +1 3708
 49  59 -1 3708
 24  51 +1 3709
 49  59 -1 3709
 23  51 +1 3710
 49  59 -1 3710
 23  51 +1 3711
 49  59 -1 3711
 23  51 +1 3712
 48  59 -1 3712
 24  51 +1 3713
 48  59 -1 3713
 24  51 +1 3714
 48  58 -1 3714
 24  51 +1 3715
 48  59 -1 3715
 24  51 +1 3716
 48  59 -1 3716
 24  52 +1 3717
 47  58 -1 3717
 25  51 +1 3718
 48  58 -1 3718
 25  51 +1 3719
 48  58 -1 3719
 25  51 +1 3720
 47  57 -1 3720
 25  51 +1 3721
 48  57 -1 3721
 25  51 +1 3722
 49  57 -1 3722
 25  51 +1 3723
 49  57 -1 3723
 25  50 +1 3724
 49  57 -1 3724
 25  50 +1 3725
 49  57 -1 3725
 25  51 +1 3726
 49  57 -1 3726
 25  51 +1 3727
 49  57 -1 3727
 25  49 +1 3728
 49  57 -1 3728
 25  50 +1 3729
 49  56 -1 3729
 25  50 +1 3730
 49  56 -1 3730
 25  51 +1 3731
 49  56 -1 3731
 25  51 +1 3732
 49  56 -1 3732
 25  51 +1 3733
 49  56 -1 3733
 25  50 +1 3734
 49  56 -1 3734
 25  50 +1 3735
 49  56 -1 3735
 24  50 +1 3736
 49  56 -1 3736
 24  50 +1 3737
 49  56 -1 3737
 24  51 +1 3738
 48  56 -1 3738
 25  50 +1 3739
 49  57 -1 3739
 25  51 +1 3740
 49  57 -1 3740
 25  50 +1 3741
 49  56 -1 3741
 25  51 +1 3742
 49  56 -1 3742
 24  50 +1 3743
 48  56 -1 3743
 23  50 +1 3744
 48  56 -1 3744
 24  51 +1 3745
 48  56 -1 3745
 24  50 +1 3746
 48  56 -1 3746
 24  50 +1 3747
 48  57 -1 3747
 24  50 +1 3748
 49  56 -1 3748
 24  50 +1 3749
 50  57 -1 3749
 24  50 +1 3750
 50  57 -1 3750
 24  51 +1 3751
 50  57 -1 3751
 24  51 +1 3752
 50  57 -1 3752
 24  51 +1 3753
 50  56 -1 3753
 25  51 +1 3754
 50  55 -1 3754
 25  51 +1 3755
 50  55 -1 3755
 25  51 +1 3756
 50  56 -1 3756
 25  51 +1 3757
 50  55 -1 3757
 26  51 +1 3758
 50  55 -1 3758
 25  50 +1 3759
 49  55 -1 3759
 25  50 +1 3760
 49  55 -1 3760
 24  51 +1 3761
 49  55 -1 3761
 24  51 +1 3762
 49  55 -1 3762
 25  50 +1 3763
 38   9 -1 3763
 38  10 +1 3763
 48  55 -1 3763
 25  50 +1 3764
 48  55 -1 3764
 25  51 +1 3765
 48  55 -1 3765
 25  50 +1 3766
 48  55 -1 3766
 25  50 +1 3767
 49  56 -1 3767
 25  50 +1 3768
 49  56 -1 3768
 24  49 +1 3769
 49  56 -1 3769
 24  50 +1 3770
 48  56 -1 3770
 25  50 +1 3771
 48  56 -1 3771
 25  50 +1 3772
 48  56 -1 3772
 25  50 +1 3773
 49  57 -1 3773
 26  50 +1 3774
 48  55 -1 3774
 25  49 +1 3775
 48  56 -1 3775
 26  49 +1 3776
 49  56 -1 3776
 25  50 +1 3777
 49  56 -1 3777
 24  49 +1 3778
 49  56 -1 3778
 25  49 +1 3779
 49  56 -1 3779
 25  50 +1 3780
 49  56 -1 3780
 25  50 +1 3781
 48  55 -1 3781
 26  50 +1 3782
 49  55 -1 3782
 26  50 +1 3783
 49  55 -1 3783
 26  50 +1 3784
 47  56 -1 3784
 26  50 +1 3785
 47  56 -1 3785
 26  50 +1 3786
 47  56 -1 3786
 26  51 +1 3787
 47  55 -1 3787
 26  51 +1 3788
 47  55 -1 3788
 26  51 +1 3789
 48  55 -1 3789
 26  51 +1 3790
 47  55 -1 3790
 26  52 +1 3791
 47  55 -1 3791
 26  52 +1 3792
 47  55 -1 3792
 25  52 +1 3793
 47  55 -1 3793
 25  51 +1 3794
 47  55 -1 3794
 25  51 +1 3795
 47  55 -1 3795
 25  51 +1 3796
 47  55 -1 3796
 24  51 +1 3797
 47  55 -1 3797
 25  50 +1 3798
 46  55 -1 3798
 24  51 +1 3799
 46  55 -1 3799
 24  51 +1 3800
 46  55 -1 3800
 25  51 +1 3801
 46  55 -1 3801
 26  51 +1 3802
 46  54 -1 3802
 48  51 -1 3802
 48  52 +1 3802
 49  51 +1 3802
 49  52 -1 3802
 26  51 +1 3803
 46  55 -1 3803
 25  51 +1 3804
 47  55 -1 3804
 25  51 +1 3805
 47  55 -1 3805
 25  50 +1 3806
 47  55 -1 3806
 25  52 +1 3807
 46  56 -1 3807
 24  51 +1 3808
 46  55 -1 3808
 25  51 +1 3809
 46  54 -1 3809
 25  52 +1 3810
 47  54 -1 3810
 25  51 +1 3811
 47  54 -1 3811
 25  51 +1 3812
 47  54 -1 3812
 25  51 +1 3813
 46  54 -1 3813
 25  53 +1 3814
 46  54 -1 3814
 25  53 +1 3815
 46  55 -1 3815
 25  52 +1 3816
 47  53 -1 3816
 25  52 +1 3817
 47  53 -1 3817
 25  52 +1 3818
 46  54 -1 3818
 26  52 +1 3819
 47  53 -1 3819
 25  51 +1 3820
 46  55 -1 3820
 25  51 +1 3821
 47  54 -1 3821
 25  51 +1 3822
 48  53 -1 3822
 25  51 +1 3823
 47  53 -1 3823
 24  51 +1 3824
 46  54 -1 3824
 25  51 +1 3825
 46  53 -1 3825
 24  51 +1 3826
 45  53 -1 3826
 25  51 +1 3827
 45  53 -1 3827
 25  51 +1 3828
 45  53 -1 3828
 25  52 +1 3829
 44  54 -1 3829
 26  51 +1 3830
 45  54 -1 3830
 26  52 +1 3831
 45  54 -1 3831
 46  53 -1 3831
 46  54 +1 3831
 25  51 +1 3832
 45  54 -1 3832
 25  51 +1 3833
 46  54 -1 3833
 25  52 +1 3834
 47  55 -1 3834
 25  52 +1 3835
 46  55 -1 3835
 25  52 +1 3836
 46  55 -1 3836
 24  52 +1 3837
 46  55 -1 3837
 24  52 +1 3838
 47  54 -1 3838
 23  52 +1 3839
 47  55 -1 3839
 24  52 +1 3840
 47  55 -1 3840
 25  52 +1 3841
 47  55 -1 3841
 25  52 +1 3842
 46  54 -1 3842
 25  52 +1 3843
 47  55 -1 3843
 25  53 +1 3844
 46  55 -1 3844
 24  52 +1 3845
 47  55 -1 3845
 24  52 +1 3846
 47  55 -1 3846
 25  52 +1 3847
 48  54 -1 3847
 25  53 +1 3848
 47  54 -1 3848
 24  53 +1 3849
 48  54 -1 3849
 24  53 +1 3850
 47  54 -1 3850
 24  53 +1 3851
 47  54 -1 3851
 24  52 +1 3852
 48  55 -1 3852
 24  52 +1 3853
 48  55 -1 3853
 24  52 +1 3854
 47  54 -1 3854
 24  52 +1 3855
 47  54 -1 3855
 24  52 +1 3856
 47  54 -1 3856
 24  53 +1 3857
 48  54 -1 3857
 24  53 +1 3858
 48  54 -1 3858
 24  53 +1 3859
 47  54 -1 3859
 24  52 +1 3860
 48  54 -1 3860
 24  53 +1 3861
 48  55 -1 3861
 24  53 +1 3862
 48  54 -1 3862
 24  52 +1 3863
 46  54 -1 3863
 24  52 +1 3864
 47  54 -1 3864
 24  52 +1 3865
 47  53 -1 3865
 24  52 +1 3866
 48  54 -1 3866
 24  53 +1 3867
 48  54 -1 3867
 25  53 +1 3868
 48  54 -1 3868
 25  53 +1 3869
 48  53 -1 3869
 24  52 +1 3870
 48  53 -1 3870
 24  52 +1 3871
 48  53 -1 3871
 24  52 +1 3872
 48  53 -1 3872
 24  52 +1 3873
 47  52 -1 3873
 23  52 +1 3874
 47  53 -1 3874
 23  51 +1 3875
 47  53 -1 3875
 23  52 +1 3876
 47  53 -1 3876
 23  52 +1 3877
 47  53 -1 3877
 24  51 +1 3878
 48  53 -1 3878
 24  52 +1 3879
 48  52 -1 3879
 24  51 +1 3880
 49  53 -1 3880
 24  51 +1 3881
 49  53 -1 3881
 25  51 +1 3882
 48  53 -1 3882
 25  51 +1 3883
 47  53 -1 3883
 25  50 +1 3884
 47  53 -1 3884
 25  51 +1 3885
 48  53 -1 3885
 23  50 +1 3886
 24  50 -1 3886
 25  50 +1 3886
 48  53 -1 3886
 25  50 +1 3887
 48  53 -1 3887
 24  49 +1 3888
 48  53 -1 3888
 24  50 +1 3889
 48  53 -1 3889
 25  50 +1 3890
 48  53 -1 3890
 25  51 +1 3891
 48  54 -1 3891
 25  51 +1 3892
 48  54 -1 3892
 25  51 +1 3893
 48  54 -1 3893
 25  51 +1 3894
 48  55 -1 3894
 26  52 +1 3895
 48  54 -1 3895
 25  52 +1 3896
 48  54 -1 3896
 22  54 +1 3897
 23  54 -1 3897
 25  53 +1 3897
 48  54 -1 3897
 25  52 +1 3898
 48  54 -1 3898
 25  52 +1 3899
 49  54 -1 3899
 24  52 +1 3900
 49  54 -1 3900
 23  52 +1 3901
 49  54 -1 3901
 23  52 +1 3902
 49  54 -1 3902
 24  52 +1 3903
 48  53 -1 3903
 23  52 +1 3904
 48  53 -1 3904
 24  50 +1 3905
 48  53 -1 3905
 24  50 +1 3906
 48  54 -1 3906
 23  50 +1 3907
 48  54 -1 3907
 24  50 +1 3908
 49  54 -1 3908
 24  49 +1 3909
 49  54 -1 3909
 24  50 +1 3910
 50  54 -1 3910
 24  49 +1 3911
 49  54 -1 3911
 23  49 +1 3912
 49  54 -1 3912
 22  50 +1 3913
 49  54 -1 3913
 22  50 +1 3914
 49  54 -1 3914
 22  50 +1 3915
 50  53 -1 3915
 22  50 +1 3916
 49  53 -1 3916
 22  50 +1 3917
 48  53 -1 3917
 23  50 +1 3918
 49  53 -1 3918
 22  50 +1 3919
 48  52 -1 3919
 22  50 +1 3920
 47  52 -1 3920
 22  50 +1 3921
 48  52 -1 3921
 22  50 +1 3922
 48  52 -1 3922
 21  51 +1 3923
 48  53 -1 3923
 22  51 +1 3924
 48  53 -1 3924
 22  50 +1 3925
 48  53 -1 3925
 22  50 +1 3926
 48  52 -1 3926
 21  52 +1 3927
 49  53 -1 3927
 22  52 +1 3928
 48  52 -1 3928
 22  51 +1 3929
 48  53 -1 3929
 22  51 +1 3930
 48  52 -1 3930
 23  51 +1 3931
 48  53 -1 3931
 23  50 +1 3932
 49  52 -1 3932
 23  50 +1 3933
 48  53 -1 3933
 23  50 +1 3934
 48  52 -1 3934
 23  50 +1 3935
 48  52 -1 3935
 23  49 +1 3936
 47  52 -1 3936
 23  50 +1 3937
 48  53 -1 3937
 22  50 +1 3938
 48  53 -1 3938
 22  51 +1 3939
 47  53 -1 3939
 22  50 +1 3940
 47  53 -1 3940
 22  50 +1 3941
 47  53 -1 3941
 22  51 +1 3942
 47  53 -1 3942
 22  50 +1 3943
 47  52 -1 3943
 22  51 +1 3944
 47  53 -1 3944
 23  52 +1 3945
 31  37 -1 3945
 32  36 +1 3945
 48  53 -1 3945
 23  53 +1 3946
 47  52 -1 3946
 22  53 +1 3947
 47  51 -1 3947
 48  53 +1 3947
 49  53 -1 3947
 22  53 +1 3948
 48  52 -1 3948
 22  53 +1 3949
 49  52 -1 3949
 22  53 +1 3950
 50  53 -1 3950
 22  52 +1 3951
 50  53 -1 3951
 21  53 +1 3952
 49  52 -1 3952
 49  53 +1 3952
 50  53 -1 3952
 22  53 +1 3953
 50  52 -1 3953
 21  53 +1 3954
 50  52 -1 3954
 21  53 +1 3955
 49  51 -1 3955
 20  53 +1 3956
 48  52 -1 3956
 20  53 +1 3957
 47  50 -1 3957
 20  53 +1 3958
 47  51 -1 3958
 20  53 +1 3959
 22  56 -1 3959
 23  57 +1 3959
 47  51 -1 3959
 20  53 +1 3960
 47  52 -1 3960
 21  53 +1 3961
 48  51 -1 3961
 21  53 +1 3962
 48  52 -1 3962
 21  54 +1 3963
 47  52 -1 3963
 21  54 +1 3964
 47  52 -1 3964
 20  54 +1 3965
 47  52 -1 3965
 21  53 +1 3966
 48  52 -1 3966
 21  53 +1 3967
 47  52 -1 3967
 21  52 +1 3968
 49  52 -1 3968
 21  51 +1 3969
 47  52 -1 3969
 23  52 +1 3970
 47  52 -1 3970
 22  52 +1 3971
 47  52 -1 3971
 23  52 +1 3972
 47  51 -1 3972
 22  51 +1 3973
 47  50 -1 3973
 23  52 +1 3974
 47  51 -1 3974
 23  52 +1 3975
 48  51 -1 3975
 24  52 +1 3976
 48  51 -1 3976
 24  51 +1 3977
 48  51 -1 3977
 24  51 +1 3978
 48  51 -1 3978
 15  34 +1 3979
 15  35 -1 3979
 24  51 +1 3979
 47  51 -1 3979
 24  51 +1 3980
 48  50 -1 3980
 24  51 +1 3981
 48  50 -1 3981
 24  52 +1 3982
 49  51 -1 3982
 24  52 +1 3983
 49  52 -1 3983
 24  52 +1 3984
 50  50 -1 3984
 24  52 +1 3985
 50  50 -1 3985
 24  53 +1 3986
 50  51 -1 3986
 24  53 +1 3987
 50  51 -1 3987
 24  53 +1 3988
 50  51 -1 3988
 25  52 +1 3989
 50  51 -1 3989
 25  52 +1 3990
 50  51 -1 3990
 25  53 +1 3991
 49  50 -1 3991
 25  53 +1 3992
 49  50 -1 3992
 25  53 +1 3993
 50  50 -1 3993
 25  53 +1 3994
 50  50 -1 3994
 25  52 +1 3995
 50  50 -1 3995
 25  52 +1 3996
 50  50 -1 3996
 25  52 +1 3997
 50  50 -1 3997
 25  52 +1 3998
 50  51 -1 3998
 25  52 +1 3999
 49  51 -1 3999
 25  52 +1 4000
 50  51 -1 4000
 25  52 +1 4001
 49  50 -1 4001
 25  52 +1 4002
 49  50 -1 4002
 24  52 +1 4003
 51  50 -1 4003
 24  53 +1 4004
 50  50 -1 4004
 24  52 +1 4005
 49  50 -1 4005
 25  52 +1 4006
 49  51 -1 4006
 25  52 +1 4007
 49  51 -1 4007
 25  52 +1 4008
 50  51 -1 4008
 24  52 +1 4009
 50  51 -1 4009
 24  52 +1 4010
 50  52 -1 4010
 23  52 +1 4011
 51  52 -1 4011
 24  52 +1 4012
 51  51 -1 4012
 24  52 +1 4013
 50  51 -1 4013
 24  52 +1 4014
 50  51 -1 4014
 25  53 +1 4015
 49  51 -1 4015
 26  53 +1 4016
 49  51 -1 4016
 26  53 +1 4017
 48  51 -1 4017
 26  53 +1 4018
 48  51 -1 4018
 26  53 +1 4019
 48  51 -1 4019
 26  53 +1 4020
 48  51 -1 4020
 26  52 +1 4021
 48  51 -1 4021
 26  53 +1 4022
 48  51 -1 4022
 25  53 +1 4023
 48  50 -1 4023
 25  53 +1 4024
 48  50 -1 4024
 25  53 +1 4025
 48  50 -1 4025
 25  53 +1 4026
 48  50 -1 4026
 25  53 +1 4027
 48  51 -1 4027
 25  53 +1 4028
 47  51 -1 4028
 26  53 +1 4029
 47  52 -1 4029
 26  52 +1 4030
 47  50 -1 4030
 25  52 +1 4031
 47  50 -1 4031
 25  52 +1 4032
 47  50 -1 4032
 26  52 +1 4033
 46  51 -1 4033
 26  52 +1 4034
 46  51 -1 4034
 25  52 +1 4035
 46  50 -1 4035
 26  49 +1 4036
 46  50 -1 4036
 26  51 +1 4037
 46  50 -1 4037
 26  51 +1 4038
 47  50 -1 4038
 25  52 +1 4039
 48  49 -1 4039
 25  52 +1 4040
 48  49 -1 4040
 25  52 +1 4041
 48  49 -1 4041
 25  52 +1 4042
 48  50 -1 4042
 25  52 +1 4043
 48  50 -1 4043
 25  53 +1 4044
 48  50 -1 4044
 49  49 -1 4044
 49  50 +1 4044
 24  52 +1 4045
 49  49 -1 4045
 24  52 +1 4046
 49  49 -1 4046
 24  52 +1 4047
 49  49 -1 4047
 24  52 +1 4048
 49  49 -1 4048
 26  52 +1 4049
 48  50 -1 4049
 25  52 +1 4050
 47  50 -1 4050
 25  51 +1 4051
 47  50 -1 4051
 25  51 +1 4052
 47  50 -1 4052
 24  52 +1 4053
 47  50 -1 4053
 24  52 +1 4054
 47  51 -1 4054
 25  52 +1 4055
 47  50 -1 4055
 25  52 +1 4056
 45  51 -1 4056
 25  52 +1 4057
 45  51 -1 4057
 25  52 +1 4058
 46  51 -1 4058
 25  52 +1 4059
 46  51 -1 4059
 25  52 +1 4060
 46  51 -1 4060
 25  52 +1 4061
 45  50 -1 4061
 25  52 +1 4062
 45  50 -1 4062
 25  53 +1 4063
 45  50 -1 4063
 25  53 +1 4064
 45  51 -1 4064
 26  52 +1 4065
 45  51 -1 4065
 25  52 +1 4066
 45  51 -1 4066
 25  52 +1 4067
 45  51 -1 4067
 25  52 +1 4068
 45  51 -1 4068
 25  52 +1 4069
 45  51 -1 4069
 26  52 +1 4070
 44  51 -1 4070
 26  52 +1 4071
 45  51 -1 4071
 26  53 +1 4072
 45  51 -1 4072
 25  53 +1 4073
 44  51 -1 4073
 25  53 +1 4074
 44  50 -1 4074
 26  52 +1 4075
 44  49 -1 4075
 26  51 +1 4076
 44  49 -1 4076
 26  52 +1 4077
 44  49 -1 4077
 26  52 +1 4078
 44  49 -1 4078
 26  51 +1 4079
 44  49 -1 4079
 26  51 +1 4080
 44  49 -1 4080
 26  51 +1 4081
 44  48 -1 4081
 27  52 +1 4082
 44  49 -1 4082
 27  51 +1 4083
 43  49 -1 4083
 27  52 +1 4084
 43  50 -1 4084
 27  52 +1 4085
 43  51 -1 4085
 27  53 +1 4086
 43  51 -1 4086
 27  52 +1 4087
 43  51 -1 4087
 27  52 +1 4088
 42  51 -1 4088
 27  53 +1 4089
 42  51 -1 4089
 26  52 +1 4090
 42  51 -1 4090
 27  52 +1 4091
 42  51 -1 4091
 27  53 +1 4092
 42  51 -1 4092
 27  53 +1 4093
 43  51 -1 4093
 27  53 +1 4094
 42  52 -1 4094
 27  53 +1 4095
 42  51 -1 4095
 27  53 +1 4096
 43  51 -1 4096
 26  53 +1 4097
 43  51 -1 4097
 26  53 +1 4098
 42  51 -1 4098
 26  53 +1 4099
 42  51 -1 4099
 26  53 +1 4100
 43  51 -1 4100
 26  53 +1 4101
 43  52 -1 4101
 26  53 +1 4102
 35  55 +1 4102
 35  56 -1 4102
 42  52 -1 4102
 27  53 +1 4103
 42  52 -1 4103
 27  54 +1 4104
 42  52 -1 4104
 26  53 +1 4105
 42  52 -1 4105
 63  15 -1 4105
 27  53 +1 4106
 42  51 -1 4106
 27  53 +1 4107
 43  51 -1 4107
 24  52 +1 4108
 43  51 -1 4108
 26  52 +1 4109
 43  51 -1 4109
 26  52 +1 4110
 43  51 -1 4110
 26  52 +1 4111
 43  50 -1 4111
 26  53 +1 4112
 43  50 -1 4112
 27  53 +1 4113
 43  51 -1 4113
 26  52 +1 4114
 43  51 -1 4114
 26  52 +1 4115
 43  50 -1 4115
 26  53 +1 4116
 43  50 -1 4116
 27  53 +1 4117
 44  50 -1 4117
 27  53 +1 4118
 43  50 -1 4118
 27  53 +1 4119
 43  50 -1 4119
 26  52 +1 4120
 44  50 -1 4120
 26  52 +1 4121
 44  50 -1 4121
 26  52 +1 4122
 45  49 -1 4122
 28  52 +1 4123
 45  49 -1 4123
 28  52 +1 4124
 45  50 -1 4124
 27  52 +1 4125
 45  49 -1 4125
 27  52 +1 4126
 44  49 -1 4126
 27  52 +1 4127
 44  49 -1 4127
 27  51 +1 4128
 44  49 -1 4128
 28  51 +1 4129
 44  49 -1 4129
 27  51 +1 4130
 44  49 -1 4130
 28  51 +1 4131
 43  49 -1 4131
 27  51 +1 4132
 44  49 -1 4132
 27  51 +1 4133
 45  48 -1 4133
 27  50 +1 4134
 44  49 -1 4134
 28  50 +1 4135
 44  49 -1 4135
 27  50 +1 4136
 43  49 -1 4136
 27  50 +1 4137
 43  49 -1 4137
 27  51 +1 4138
 43  49 -1 4138
 27  50 +1 4139
 43  48 -1 4139
 27  49 +1 4140
 43  47 -1 4140
 27  50 +1 4141
 43  47 -1 4141
 27  50 +1 4142
 43  47 -1 4142
 27  50 +1 4143
 43  47 -1 4143
 27  51 +1 4144
 43  48 -1 4144
 27  50 +1 4145
 43  48 -1 4145
 27  50 +1 4146
 43  48 -1 4146
 27  51 +1 4147
 43  48 -1 4147
 26  51 +1 4148
 43  48 -1 4148
 27  51 +1 4149
 44  47 -1 4149
 27  51 +1 4150
 44  47 -1 4150
 27  51 +1 4151
 44  47 -1 4151
 28  52 +1 4152
 44  47 -1 4152
 28  51 +1 4153
 44  48 -1 4153
 28  51 +1 4154
 44  48 -1 4154
 28  51 +1 4155
 44  47 -1 4155
 27  51 +1 4156
 44  47 -1 4156
 28  50 +1 4157
 44  47 -1 4157
 28  50 +1 4158
 44  47 -1 4158
 28  50 +1 4159
 44  47 -1 4159
 28  50 +1 4160
 44  47 -1 4160
 28  50 +1 4161
 44  46 -1 4161
 28  50 +1 4162
 44  46 -1 4162
 17  49 +1 4163
 17  50 -1 4163
 28  50 +1 4163
 45  46 -1 4163
 28  50 +1 4164
 44  45 -1 4164
 27  50 +1 4165
 45  46 -1 4165
 27  50 +1 4166
 44  46 -1 4166
 28  50 +1 4167
 45  45 -1 4167
 28  50 +1 4168
 44  46 -1 4168
 27  50 +1 4169
 44  46 -1 4169
 28  49 +1 4170
 44  46 -1 4170
 29  49 +1 4171
 43  46 -1 4171
 28  50 +1 4172
 43  46 -1 4172
 28  50 +1 4173
 43  45 -1 4173
 28  50 +1 4174
 44  46 -1 4174
 28  50 +1 4175
 44  46 -1 4175
 28  49 +1 4176
 44  46 -1 4176
 29  49 +1 4177
 44  46 -1 4177
 29  49 +1 4178
 44  45 -1 4178
 28  49 +1 4179
 44  46 -1 4179
 28  50 +1 4180
 44  46 -1 4180
 27  50 +1 4181
 44  46 -1 4181
 27  51 +1 4182
 44  46 -1 4182
 27  51 +1 4183
 44  46 -1 4183
 27  50 +1 4184
 43  46 -1 4184
 27  50 +1 4185
 44  46 -1 4185
 27  50 +1 4186
 44  46 -1 4186
 27  50 +1 4187
 44  46 -1 4187
 27  50 +1 4188
 44  46 -1 4188
 27  50 +1 4189
 44  46 -1 4189
 27  51 +1 4190
 44  45 -1 4190
 25  51 +1 4191
 26  51 -1 4191
 27  51 +1 4191
 44  45 -1 4191
 25  52 +1 4192
 26  52 -1 4192
 27  52 +1 4192
 44  45 -1 4192
 26  53 +1 4193
 44  45 -1 4193
 26  53 +1 4194
 44  45 -1 4194
 26  53 +1 4195
 44  45 -1 4195
 26  53 +1 4196
 44  45 -1 4196
 26  54 +1 4197
 44  44 -1 4197
 26  54 +1 4198
 44  45 -1 4198
 25  53 +1 4199
 45  44 -1 4199
 26  53 +1 4200
 45  44 -1 4200
 26  53 +1 4201
 45  45 -1 4201
 26  53 +1 4202
 45  45 -1 4202
 26  53 +1 4203
 45  45 -1 4203
 26  53 +1 4204
 45  45 -1 4204
 26  53 +1 4205
 45  45 -1 4205
 26  54 +1 4206
 45  44 -1 4206
 26  54 +1 4207
 45  43 -1 4207
 27  53 +1 4208
 46  44 -1 4208
 26  54 +1 4209
 47  44 -1 4209
 27  54 +1 4210
 46  45 -1 4210
 25  54 +1 4211
 44  44 -1 4211
 27  53 +1 4212
 44  44 -1 4212
 27  54 +1 4213
 44  44 -1 4213
 26  53 +1 4214
 44  44 -1 4214
 46  47 +1 4214
 46  48 -1 4214
 26  53 +1 4215
 45  44 -1 4215
 27  53 +1 4216
 45  45 -1 4216
 26  53 +1 4217
 45  45 -1 4217
 26  51 +1 4218
 46  45 -1 4218
 26  51 +1 4219
 46  45 -1 4219
 27  51 +1 4220
 46  44 -1 4220
 27  51 +1 4221
 46  44 -1 4221
 27  52 +1 4222
 46  45 -1 4222
 26  51 +1 4223
 45  45 -1 4223
 26  51 +1 4224
 46  45 -1 4224
 26  50 +1 4225
 46  45 -1 4225
 26  53 +1 4226
 46  45 -1 4226
 27  52 +1 4227
 46  45 -1 4227
 27  53 +1 4228
 46  45 -1 4228
 26  52 +1 4229
 45  46 -1 4229
 25  53 +1 4230
 45  46 -1 4230
 25  52 +1 4231
 45  46 -1 4231
 25  51 +1 4232
 46  46 -1 4232
 25  51 +1 4233
 46  45 -1 4233
 25  51 +1 4234
 46  46 -1 4234
 25  51 +1 4235
 46  46 -1 4235
 26  51 +1 4236
 45  46 -1 4236
 26  51 +1 4237
 47  46 -1 4237
 26  52 +1 4238
 45  47 -1 4238
 26  52 +1 4239
 46  46 -1 4239
 26  52 +1 4240
 46  46 -1 4240
 27  52 +1 4241
 46  46 -1 4241
 26  52 +1 4242
 46  46 -1 4242
 27  52 +1 4243
 46  46 -1 4243
 27  51 +1 4244
 47  46 -1 4244
 27  51 +1 4245
 46  46 -1 4245
 26  51 +1 4246
 47  46 -1 4246
 27  51 +1 4247
 46  46 -1 4247
 27  51 +1 4248
 46  47 -1 4248
 27  52 +1 4249
 46  47 -1 4249
 27  52 +1 4250
 46  46 -1 4250
 27  52 +1 4251
 44  51 +1 4251
 45  52 -1 4251
 46  46 -1 4251
 28  52 +1 4252
 46  46 -1 4252
 27  52 +1 4253
 47  47 -1 4253
 26  52 +1 4254
 46  47 -1 4254
 26  52 +1 4255
 47  47 -1 4255
 26  52 +1 4256
 46  47 -1 4256
 26  52 +1 4257
 46  47 -1 4257
 26  52 +1 4258
 47  47 -1 4258
 26  52 +1 4259
 47  47 -1 4259
 26  52 +1 4260
 47  47 -1 4260
 26  52 +1 4261
 47  47 -1 4261
 25  52 +1 4262
 47  47 -1 4262
 25  52 +1 4263
 47  47 -1 4263
 26  52 +1 4264
 47  47 -1 4264
 25  53 +1 4265
 47  47 -1 4265
 25  53 +1 4266
 47  47 -1 4266
 25  52 +1 4267
 47  47 -1 4267
 25  52 +1 4268
 47  47 -1 4268
 25  52 +1 4269
 47  47 -1 4269
 25  52 +1 4270
 47  48 -1 4270
 26  52 +1 4271
 48  47 -1 4271
 25  52 +1 4272
 48  47 -1 4272
 26  52 +1 4273
 48  47 -1 4273
 26  53 +1 4274
 47  46 -1 4274
 25  52 +1 4275
 47  46 -1 4275
 26  53 +1 4276
 46  46 -1 4276
 26  53 +1 4277
 46  46 -1 4277
 25  53 +1 4278
 47  46 -1 4278
 60  63 +1 4278
 25  53 +1 4279
 46  46 -1 4279
 25  53 +1 4280
 45  46 -1 4280
 25  53 +1 4281
 46  46 -1 4281
 25  53 +1 4282
 46  46 -1 4282
 25  53 +1 4283
 45  46 -1 4283
 25  53 +1 4284
 46  47 -1 4284
 25  54 +1 4285
 45  47 -1 4285
 24  54 +1 4286
 46  46 -1 4286
 25  54 +1 4287
 46  47 -1 4287
 25  55 +1 4288
 47  47 -1 4288
 25  54 +1 4289
 47  45 -1 4289
 24  54 +1 4290
 47  46 -1 4290
 25  54 +1 4291
 46  46 -1 4291
 25  54 +1 4292
 46  46 -1 4292
 25  55 +1 4293
 45  46 -1 4293
 24  54 +1 4294
 46  47 -1 4294
 24  54 +1 4295
 46  46 -1 4295
 23  54 +1 4296
 45  46 -1 4296
 23  53 +1 4297
 45  46 -1 4297
 24  54 +1 4298
 45  46 -1 4298
 23  54 +1 4299
 45  46 -1 4299
 12  28 -1 4300
 12  29 +1 4300
 23  54 +1 4300
 45  46 -1 4300
 61  12 -1 4300
 62  12 +1 4300
 23  54 +1 4301
 45  47 -1 4301
 24  53 +1 4302
 45  47 -1 4302
 23  54 +1 4303
 45  47 -1 4303
 23  54 +1 4304
 45  47 -1 4304
 23  53 +1 4305
 45  47 -1 4305
 23  53 +1 4306
 45  46 -1 4306
 23  52 +1 4307
 45  47 -1 4307
 23  52 +1 4308
 44  47 -1 4308
 23  52 +1 4309
 44  47 -1 4309
 23  52 +1 4310
 45  47 -1 4310
 24  52 +1 4311
 44  46 -1 4311
 23  52 +1 4312
 44  46 -1 4312
 23  52 +1 4313
 44  46 -1 4313
 23  52 +1 4314
 43  46 -1 4314
 23  52 +1 4315
 43  46 -1 4315
 23  52 +1 4316
 43  46 -1 4316
 22  52 +1 4317
 43  47 -1 4317
 23  52 +1 4318
 43  46 -1 4318
 23  52 +1 4319
 43  46 -1 4319
 23  52 +1 4320
 44  46 -1 4320
 23  52 +1 4321
 37  49 +1 4321
 37  50 -1 4321
 43  46 -1 4321
 23  51 +1 4322
 43  46 -1 4322
 23  52 +1 4323
 43  46 -1 4323
 23  52 +1 4324
 43  46 -1 4324
 23  52 +1 4325
 43  46 -1 4325
 23  54 +1 4326
 43  46 -1 4326
 24  23 +1 4327
 24  24 -1 4327
 24  53 +1 4327
 43  46 -1 4327
 23  53 +1 4328
 43  47 -1 4328
 24  52 +1 4329
 43  47 -1 4329
 24  53 +1 4330
 42  47 -1 4330
 24  53 +1 4331
 42  46 -1 4331
 23  52 +1 4332
 42  47 -1 4332
 23  52 +1 4333
 42  47 -1 4333
 23  52 +1 4334
 42  46 -1 4334
 23  52 +1 4335
 43  46 -1 4335
 23  52 +1 4336
 43  46 -1 4336
 23  51 +1 4337
 43  46 -1 4337
 23  52 +1 4338
 43  47 -1 4338
 23  52 +1 4339
 43  46 -1 4339
 23  52 +1 4340
 43  46 -1 4340
 23  52 +1 4341
 43  47 -1 4341
 61  46 +1 4341
 61  47 -1 4341
 22  52 +1 4342
 43  48 -1 4342
 23  52 +1 4343
 43  48 -1 4343
 23  52 +1 4344
 43  48 -1 4344
 23  52 +1 4345
 43  48 -1 4345
 24  52 +1 4346
 43  48 -1 4346
 23  53 +1 4347
 43  48 -1 4347
 23  53 +1 4348
 43  48 -1 4348
 23  52 +1 4349
 43  48 -1 4349
 23  52 +1 4350
 43  47 -1 4350
 23  51 +1 4351
 43  47 -1 4351
 23  51 +1 4352
 43  47 -1 4352
 23  51 +1 4353
 43  47 -1 4353
 22  52 +1 4354
 43  47 -1 4354
 23  51 +1 4355
 44  47 -1 4355
 23  51 +1 4356
 43  47 -1 4356
 23  51 +1 4357
 44  47 -1 4357
 23  51 +1 4358
 44  47 -1 4358
 23  51 +1 4359
 44  47 -1 4359
 23  51 +1 4360
 44  47 -1 4360
 21  50 +1 4361
 44  48 -1 4361
 22  50 +1 4362
 44  48 -1 4362
 22  51 +1 4363
 43  48 -1 4363
 21  51 +1 4364
 43  48 -1 4364
 22  51 +1 4365
 43  47 -1 4365
 21  50 +1 4366
 43  47 -1 4366
 21  51 +1 4367
 43  47 -1 4367
 21  51 +1 4368
 43  47 -1 4368
 21  51 +1 4369
 43  47 -1 4369
 20  51 +1 4370
 42  47 -1 4370
 21  51 +1 4371
 43  47 -1 4371
 21  51 +1 4372
 43  47 -1 4372
 21  51 +1 4373
 43  46 -1 4373
 21  51 +1 4374
 43  47 -1 4374
 21  51 +1 4375
 44  47 -1 4375
 21  51 +1 4376
 44  47 -1 4376
 21  51 +1 4377
 44  46 -1 4377
 21  51 +1 4378
 44  46 -1 4378
 21  51 +1 4379
 44  46 -1 4379
 21  51 +1 4380
 44  46 -1 4380
 21  52 +1 4381
 44  46 -1 4381
 22  52 +1 4382
 43  46 -1 4382
 22  51 +1 4383
 44  47 -1 4383
 22  50 +1 4384
 44  46 -1 4384
 22  51 +1 4385
 43  45 -1 4385
 22  50 +1 4386
 43  46 -1 4386
 14   6 -1 4387
 14   7 +1 4387
 22  50 +1 4387
 43  46 -1 4387
 22  50 +1 4388
 43  46 -1 4388
 22  50 +1 4389
 44  46 -1 4389
 22  50 +1 4390
 43  46 -1 4390
 22  50 +1 4391
 43  46 -1 4391
 21  51 +1 4392
 43  46 -1 4392
 21  51 +1 4393
 43  46 -1 4393
 21  51 +1 4394
 43  46 -1 4394
 21  50 +1 4395
 43  46 -1 4395
 21  50 +1 4396
 43  46 -1 4396
 23  50 +1 4397
 43  46 -1 4397
 22  50 +1 4398
 42  46 -1 4398
 23  50 +1 4399
 42  46 -1 4399
 23  51 +1 4400
 43  45 -1 4400
 23  51 +1 4401
 42  45 -1 4401
 23  50 +1 4402
 43  45 -1 4402
 22  50 +1 4403
 43  45 -1 4403
 21  50 +1 4404
 43  45 -1 4404
 22  50 +1 4405
 43  45 -1 4405
 22  50 +1 4406
 43  46 -1 4406
 21  51 +1 4407
 43  46 -1 4407
 22  50 +1 4408
 43  47 -1 4408
 23  51 +1 4409
 43  46 -1 4409
 23  49 +1 4410
 44  46 -1 4410
 23  50 +1 4411
 43  46 -1 4411
 22  49 +1 4412
 44  46 -1 4412
 22  50 +1 4413
 43  46 -1 4413
 22  50 +1 4414
 43  47 -1 4414
 22  51 +1 4415
 43  46 -1 4415
 22  50 +1 4416
 42  46 -1 4416
 22  51 +1 4417
 43  47 -1 4417
 22  51 +1 4418
 43  47 -1 4418
 22  51 +1 4419
 43  47 -1 4419
 23  51 +1 4420
 42  47 -1 4420
 22  50 +1 4421
 42  47 -1 4421
 23  50 +1 4422
 42  47 -1 4422
 23  50 +1 4423
 43  47 -1 4423
 23  50 +1 4424
 42  47 -1 4424
 23  50 +1 4425
 42  47 -1 4425
 23  51 +1 4426
 42  47 -1 4426
 23  50 +1 4427
 41  47 -1 4427
 23  50 +1 4428
 41  47 -1 4428
 23  50 +1 4429
 42  48 -1 4429
 23  49 +1 4430
 42  48 -1 4430
 24  51 +1 4431
 41  48 -1 4431
 24  51 +1 4432
 42  48 -1 4432
 24  51 +1 4433
 42  48 -1 4433
 24  52 +1 4434
 42  48 -1 4434
 24  52 +1 4435
 41  47 -1 4435
 24  51 +1 4436
 41  47 -1 4436
 23  51 +1 4437
 41  47 -1 4437
 24  51 +1 4438
 41  47 -1 4438
 24  52 +1 4439
 42  48 -1 4439
 24  51 +1 4440
 40  48 -1 4440
 24  51 +1 4441
 40  47 -1 4441
 24  51 +1 4442
 41  47 -1 4442
 24  51 +1 4443
 41  47 -1 4443
 23  51 +1 4444
 41  46 -1 4444
 23  51 +1 4445
 41  46 -1 4445
 23  50 +1 4446
 41  47 -1 4446
 23  51 +1 4447
 25  26 +1 4447
 26  26 -1 4447
 42  47 -1 4447
 23  52 +1 4448
 41  47 -1 4448
 23  52 +1 4449
 41  47 -1 4449
 23  52 +1 4450
 40  47 -1 4450
 23  51 +1 4451
 41  47 -1 4451
 23  51 +1 4452
 41  47 -1 4452
 23  51 +1 4453
 40  48 -1 4453
 24  51 +1 4454
 40  48 -1 4454
 24  51 +1 4455
 41  48 -1 4455
 24  51 +1 4456
 42  48 -1 4456
 23  50 +1 4457
 42  48 -1 4457
 24  50 +1 4458
 42  49 -1 4458
 24  50 +1 4459
 41  48 -1 4459
 23  50 +1 4460
 41  48 -1 4460
 24  50 +1 4461
 41  47 -1 4461
 24  50 +1 4462
 41  48 -1 4462
 23  50 +1 4463
 41  48 -1 4463
 23  50 +1 4464
 41  48 -1 4464
 23  50 +1 4465
 41  48 -1 4465
 23  49 +1 4466
 40  47 -1 4466
 23  49 +1 4467
 40  47 -1 4467
 23  49 +1 4468
 40  47 -1 4468
 23  49 +1 4469
 40  47 -1 4469
 23  49 +1 4470
 40  48 -1 4470
 23  49 +1 4471
 40  47 -1 4471
 23  49 +1 4472
 40  48 -1 4472
 23  49 +1 4473
 40  48 -1 4473
 22  49 +1 4474
 40  48 -1 4474
 22  49 +1 4475
 23  50 -1 4475
 24  50 +1 4475
 40  48 -1 4475
 22  50 +1 4476
 39  49 -1 4476
 22  48 +1 4477
 39  49 -1 4477
 22  48 +1 4478
 39  49 -1 4478
 22  48 +1 4479
 39  49 -1 4479
 22  48 +1 4480
 39  49 -1 4480
 23  48 +1 4481
 38  49 -1 4481
 23  48 +1 4482
 38  49 -1 4482
 23  49 +1 4483
 38  49 -1 4483
 23  49 +1 4484
 37  49 -1 4484
 23  49 +1 4485
 37  49 -1 4485
 23  49 +1 4486
 37  47 +1 4486
 37  48 -1 4486
 38  47 -1 4486
 23  49 +1 4487
 37  48 -1 4487
 23  48 +1 4488
 37  48 -1 4488
 23  49 +1 4489
 37  48 -1 4489
 22  48 +1 4490
 37  49 -1 4490
 22  49 +1 4491
 37  49 -1 4491
 22  49 +1 4492
 37  49 -1 4492
 23  49 +1 4493
 37  49 -1 4493
 23  49 +1 4494
 37  50 -1 4494
 23  49 +1 4495
 38  50 -1 4495
 23  49 +1 4496
 37  49 -1 4496
 23  49 +1 4497
 37  49 -1 4497
 23  49 +1 4498
 39  48 -1 4498
 23  49 +1 4499
 38  48 -1 4499
 23  49 +1 4500
 38  49 -1 4500
 23  49 +1 4501
 38  48 -1 4501
 24  49 +1 4502
 39  48 -1 4502
 24  49 +1 4503
 40  49 -1 4503
 23  49 +1 4504
 39  48 -1 4504
 25  49 +1 4505
 40  48 -1 4505
 23  49 +1 4506
 40  48 -1 4506
 23  49 +1 4507
 41  47 -1 4507
 23  49 +1 4508
 41  47 -1 4508
 23  49 +1 4509
 40  47 -1 4509
 23  49 +1 4510
 39  47 -1 4510
 24  49 +1 4511
 39  48 -1 4511
 24  49 +1 4512
 40  48 -1 4512
 24  49 +1 4513
 41  48 -1 4513
 24  49 +1 4514
 40  48 -1 4514
 24  49 +1 4515
 39  48 -1 4515
 24  49 +1 4516
 39  48 -1 4516
 24  49 +1 4517
 39  49 -1 4517
 24  49 +1 4518
 39  48 -1 4518
 24  48 +1 4519
 39  48 -1 4519
 25  49 +1 4520
 39  48 -1 4520
 24  48 +1 4521
 39  48 -1 4521
 24  48 +1 4522
 39  48 -1 4522
 25  48 +1 4523
 39  48 -1 4523
 24  48 +1 4524
 38  48 -1 4524
 24  48 +1 4525
 38  48 -1 4525
 23  48 +1 4526
 38  48 -1 4526
 24   9 -1 4527
 24  48 +1 4527
 25   9 +1 4527
 38  48 -1 4527
 24  48 +1 4528
 38  48 -1 4528
 24  48 +1 4529
 38  49 -1 4529
 24  48 +1 4530
 38  47 -1 4530
 24  48 +1 4531
 38  47 -1 4531
 25  48 +1 4532
 38  47 -1 4532
 25  48 +1 4533
 38  47 -1 4533
 24  47 +1 4534
 37  47 -1 4534
 25  47 +1 4535
 37  47 -1 4535
 24  46 +1 4536
 36  48 -1 4536
 23  47 +1 4537
 37  47 -1 4537
 23  47 +1 4538
 36  48 -1 4538
 24  47 +1 4539
 37  48 -1 4539
 24  47 +1 4540
 37  48 -1 4540
 23  46 +1 4541
 37  49 -1 4541
 24  47 +1 4542
 37  49 -1 4542
 23  47 +1 4543
 37  49 -1 4543
 24  47 +1 4544
 37  49 -1 4544
 23  47 +1 4545
 37  49 -1 4545
 23  47 +1 4546
 37  50 -1 4546
 24  47 +1 4547
 37  50 -1 4547
 24  48 +1 4548
 37  50 -1 4548
 23  47 +1 4549
 37  50 -1 4549
 23  47 +1 4550
 37  50 -1 4550
 23  47 +1 4551
 38  49 -1 4551
 23  47 +1 4552
 37  50 -1 4552
 23  47 +1 4553
 37  49 -1 4553
 23  47 +1 4554
 38  49 -1 4554
 23  46 +1 4555
 38  49 -1 4555
 24  46 +1 4556
 37  48 -1 4556
 24  46 +1 4557
 38  49 -1 4557
 24  46 +1 4558
 38  50 -1 4558
 24  47 +1 4559
 38  50 -1 4559
 24  46 +1 4560
 39  49 -1 4560
 24  47 +1 4561
 39  50 -1 4561
 24  47 +1 4562
 39  49 -1 4562
 24  47 +1 4563
 39  49 -1 4563
 24  47 +1 4564
 39  50 -1 4564
 23  47 +1 4565
 39  50 -1 4565
 18  35 -1 4566
 19  35 +1 4566
 24  47 +1 4566
 39  50 -1 4566
 24  47 +1 4567
 40  50 -1 4567
 23  47 +1 4568
 40  50 -1 4568
 23  47 +1 4569
 40  52 -1 4569
 23  47 +1 4570
 40  52 -1 4570
 24  47 +1 4571
 40  52 -1 4571
 23  47 +1 4572
 40  51 -1 4572
 23  47 +1 4573
 40  51 -1 4573
 24  47 +1 4574
 40  51 -1 4574
 23  47 +1 4575
 40  51 -1 4575
 24  47 +1 4576
 38  50 -1 4576
 25  47 +1 4577
 38  50 -1 4577
 26  47 +1 4578
 38  51 -1 4578
 25  47 +1 4579
 38  50 -1 4579
 24  47 +1 4580
 38  50 -1 4580
 25  47 +1 4581
 37  50 -1 4581
 25  47 +1 4582
 38  50 -1 4582
 25  48 +1 4583
 37  50 -1 4583
 25  47 +1 4584
 38  51 -1 4584
 26  48 +1 4585
 37  50 -1 4585
 16  34 -1 4586
 18  32 +1 4586
 25  47 +1 4586
 38  50 -1 4586
 26  48 +1 4587
 38  49 -1 4587
 25  47 +1 4588
 39  49 -1 4588
 61  15 -1 4588
 61  16 +1 4588
 25  48 +1 4589
 38  50 -1 4589
 25  48 +1 4590
 39  49 -1 4590
 25  47 +1 4591
 38  49 -1 4591
 25  47 +1 4592
 38  49 -1 4592
 25  48 +1 4593
 38  50 -1 4593
 25  47 +1 4594
 39  49 -1 4594
 26  47 +1 4595
 38  49 -1 4595
 26  47 +1 4596
 38  50 -1 4596
 26  47 +1 4597
 38  50 -1 4597
 26  47 +1 4598
 37  49 -1 4598
 25  47 +1 4599
 38  49 -1 4599
 25  47 +1 4600
 38  49 -1 4600
 25  47 +1 4601
 38  49 -1 4601
 26  47 +1 4602
 39  49 -1 4602
 26  47 +1 4603
 39  50 -1 4603
 25  47 +1 4604
 38  49 -1 4604
 25  47 +1 4605
 38  49 -1 4605
 25  47 +1 4606
 38  49 -1 4606
 26  47 +1 4607
 38  49 -1 4607
 26  47 +1 4608
 38  49 -1 4608
 25  47 +1 4609
 38  49 -1 4609
 26  47 +1 4610
 39  49 -1 4610
 26  47 +1 4611
 39  48 -1 4611
 25  47 +1 4612
 39  48 -1 4612
 25  47 +1 4613
 39  48 -1 4613
 25  47 +1 4614
 38  48 -1 4614
 26  47 +1 4615
 38  49 -1 4615
 25  46 +1 4616
 28  28 -1 4616
 29  28 +1 4616
 38  48 -1 4616
 26  46 +1 4617
 39  49 -1 4617
 26  46 +1 4618
 39  49 -1 4618
 25  46 +1 4619
 38  49 -1 4619
 25  46 +1 4620
 38  49 -1 4620
 25  46 +1 4621
 38  49 -1 4621
 25  46 +1 4622
 38  49 -1 4622
 24  46 +1 4623
 39  49 -1 4623
 24  46 +1 4624
 38  49 -1 4624
 39  49 +1 4624
 40  49 -1 4624
 25  46 +1 4625
 39  49 -1 4625
 26  47 +1 4626
 39  49 -1 4626
 25  48 +1 4627
 39  49 -1 4627
 25  47 +1 4628
 40  49 -1 4628
 24  48 +1 4629
 40  49 -1 4629
 24  47 +1 4630
 40  49 -1 4630
 24  47 +1 4631
 40  48 -1 4631
 25  48 +1 4632
 40  49 -1 4632
 24  48 +1 4633
 41  49 -1 4633
 22  57 -1 4634
 22  58 +1 4634
 24  48 +1 4634
 41  49 -1 4634
 24  48 +1 4635
 40  49 -1 4635
 25  48 +1 4636
 40  48 -1 4636
 24  48 +1 4637
 29  55 -1 4637
 29  56 +1 4637
 40  48 -1 4637
 25  48 +1 4638
 40  48 -1 4638
 26  48 +1 4639
 40  48 -1 4639
 26  49 +1 4640
 40  49 -1 4640
 26  48 +1 4641
 40  49 -1 4641
 26  47 +1 4642
 40  48 -1 4642
 26  47 +1 4643
 40  48 -1 4643
 26  47 +1 4644
 40  48 -1 4644
 26  47 +1 4645
 40  48 -1 4645
 26  47 +1 4646
 40  47 -1 4646
 26  47 +1 4647
 39  47 -1 4647
 26  47 +1 4648
 39  47 -1 4648
 25  47 +1 4649
 39  47 -1 4649
 26  47 +1 4650
 39  48 -1 4650
 26  47 +1 4651
 39  48 -1 4651
 26  47 +1 4652
 39  48 -1 4652
 26  47 +1 4653
 39  48 -1 4653
 27  47 +1 4654
 39  48 -1 4654
 27  47 +1 4655
 39  48 -1 4655
 27  48 +1 4656
 38  47 -1 4656
 27  48 +1 4657
 38  47 -1 4657
 26  48 +1 4658
 38  47 -1 4658
 28  48 +1 4659
 38  47 -1 4659
 28  48 +1 4660
 38  47 -1 4660
 27  48 +1 4661
 38  47 -1 4661
 28  48 +1 4662
 38  47 -1 4662
 27  48 +1 4663
 38  48 -1 4663
 27  47 +1 4664
 38  48 -1 4664
 27  48 +1 4665
 38  48 -1 4665
 27  49 +1 4666
 38  47 -1 4666
 27  50 +1 4667
 38  47 -1 4667
 27  50 +1 4668
 38  47 -1 4668
 27  50 +1 4669
 38  47 -1 4669
 27  50 +1 4670
 38  46 -1 4670
 27  50 +1 4671
 39  46 -1 4671
 27  50 +1 4672
 39  47 -1 4672
 27  50 +1 4673
 39  48 -1 4673
 28  50 +1 4674
 39  47 -1 4674
 28  50 +1 4675
 39  47 -1 4675
 29  51 +1 4676
 39  46 -1 4676
 29  51 +1 4677
 39  45 -1 4677
 29  51 +1 4678
 39  45 -1 4678
 29  51 +1 4679
 39  45 -1 4679
 28  50 +1 4680
 39  45 -1 4680
 28  51 +1 4681
 39  46 -1 4681
 28  51 +1 4682
 39  46 -1 4682
 28  51 +1 4683
 39  47 -1 4683
 28  50 +1 4684
 39  46 -1 4684
 28  50 +1 4685
 39  46 -1 4685
 28  50 +1 4686
 40  46 -1 4686
 28  51 +1 4687
 39  46 -1 4687
 28  51 +1 4688
 39  46 -1 4688
 29  50 +1 4689
 39  46 -1 4689
 29  50 +1 4690
 37  46 -1 4690
 29  50 +1 4691
 37  46 -1 4691
 29  49 +1 4692
 37  46 -1 4692
 28  50 +1 4693
 38  46 -1 4693
 28  50 +1 4694
 38  46 -1 4694
 28  50 +1 4695
 38  46 -1 4695
 28  51 +1 4696
 38  46 -1 4696
 28  51 +1 4697
 38  46 -1 4697
 29  50 +1 4698
 39  47 -1 4698
 29  50 +1 4699
 39  47 -1 4699
 28  50 +1 4700
 29  50 -1 4700
 30  50 +1 4700
 38  47 -1 4700
 29  50 +1 4701
 39  47 -1 4701
 30  50 +1 4702
 39  46 -1 4702
 30  50 +1 4703
 38  47 -1 4703
 30  50 +1 4704
 39  45 -1 4704
 30  51 +1 4705
 39  47 -1 4705
 29  51 +1 4706
 39  46 -1 4706
 10  52 -1 4707
 11  52 +1 4707
 29  51 +1 4707
 39  46 -1 4707
 28  49 +1 4708
 29  50 -1 4708
 29  51 +1 4708
 38  46 -1 4708
 30  51 +1 4709
 39  46 -1 4709
 30  51 +1 4710
 38  46 -1 4710
 30  49 +1 4711
 38  47 -1 4711
 31  49 +1 4712
 38  47 -1 4712
 30  49 +1 4713
 38  46 -1 4713
 30  50 +1 4714
 38  46 -1 4714
 30  50 +1 4715
 39  47 -1 4715
 30  49 +1 4716
 38  46 -1 4716
 31  49 +1 4717
 38  46 -1 4717
 31  49 +1 4718
 38  46 -1 4718
 31  49 +1 4719
 39  45 -1 4719
 31  49 +1 4720
 38  45 -1 4720
 32  49 +1 4721
 38  45 -1 4721
 32  49 +1 4722
 38  45 -1 4722
 32  49 +1 4723
 38  45 -1 4723
 32  48 +1 4724
 38  46 -1 4724
 32  48 +1 4725
 37  45 -1 4725
 32  48 +1 4726
 38  47 -1 4726
 32  49 +1 4727
 38  46 -1 4727
 32  49 +1 4728
 39  45 -1 4728
 32  48 +1 4729
 39  46 -1 4729
 33  49 +1 4730
 39  46 -1 4730
 33  49 +1 4731
 39  47 -1 4731
 33  49 +1 4732
 37  47 -1 4732
 33  48 +1 4733
 37  47 -1 4733
 34  48 +1 4734
 37  48 -1 4734
 34  48 +1 4735
 37  48 -1 4735
 34  48 +1 4736
 37  47 -1 4736
 34  48 +1 4737
 37  47 -1 4737
 34  48 +1 4738
 37  47 -1 4738
 34  49 +1 4739
 37  47 -1 4739
 33  49 +1 4740
 37  48 -1 4740
 33  48 +1 4741
 37  49 -1 4741
 34  49 +1 4742
 37  49 -1 4742
 33  49 +1 4743
 37  49 -1 4743
 34  49 +1 4744
 37  49 -1 4744
 34  49 +1 4745
 36  49 -1 4745
 33  49 +1 4746
 36  49 -1 4746
 34  49 +1 4747
 35  49 -1 4747
 33  49 +1 4748
 36  49 -1 4748
 34  48 +1 4749
 37  49 -1 4749
 34  48 +1 4750
 37  49 -1 4750
 33  48 +1 4751
 37  49 -1 4751
 34  50 +1 4752
 37  49 -1 4752
 34  50 +1 4753
 36  49 -1 4753
 33  49 +1 4754
 36  49 -1 4754
 33  49 +1 4755
 35  48 -1 4755
 36  48 +1 4755
 37  49 -1 4755
 33  50 +1 4756
 36  47 -1 4756
 34  50 +1 4757
 36  47 -1 4757
 34  50 +1 4758
 36  48 -1 4758
 33  50 +1 4759
 35  47 -1 4759
 33  50 +1 4760
 35  47 -1 4760
 33  51 +1 4761
 34  48 -1 4761
 35  48 +1 4761
 36  48 -1 4761
 33  51 +1 4762
 34  51 -1 4762
 52  33 +1 4961
 53  33 -1 4961
 16  61 -1 5006
 16  62 +1 5006
 30   9 +1 5099
 30  10 -1 5099
 50  23 -1 5226
 51  23 +1 5226
 23  33 +1 5296
 24  33 -1 5296
 51  19 -1 5331
 52  19 +1 5331
 20  18 +1 5392
 21  18 -1 5392
 50  48 -1 5422
 51  48 +1 5422
 60  13 -1 5438
 61  13 +1 5438
 23  47 +1 5464
 23  48 -1 5464
 23  48 +1 5499
 23  49 -1 5499
 52  21 -1 5550
 52  22 +1 5550
  2  22 +1 5584
  2  23 -1 5584
 45  42 -1 5595
 45  43 +1 5595
 14  45 -1 5623
 15  46 +1 5623
 14  43 -1 5626
 15  43 +1 5626
 37  17 -1 5705
 38  17 +1 5705
 47  46 -1 5713
 47  47 +1 5713
 50  24 +1 5756
 51  24 -1 5756
 39  36 +1 5939
 39  37 -1 5939
  2   4 -1 6002
  3   4 +1 6002
 10  55 +1 6026
 10  56 -1 6026
 54  57 -1 6061
 54  58 +1 6061
 54  57 -1 6062
 55  58 +1 6062
 26  28 -1 6118
 26  29 +1 6118
 55  51 -1 6141
 55  52 +1 6141
 22  43 +1 6192
 22  44 -1 6192
 37   1 +1 6217
 38   2 -1 6217
 39  21 +1 6325
 40  21 -1 6325
  2  28 -1 6354
  2  29 +1 6354
 44  45 +1 6418
 45  45 -1 6418
 41  25 +1 6550
 41  26 -1 6550
 52  37 +1 6576
 52  38 -1 6576
 51  62 -1 6609
 51  63 +1 6609
 17   5 +1 6666
 17   6 -1 6666
 56  58 +1 6728
 56  59 -1 6728
 25  16 -1 6772
 25  17 +1 6772
  1  41 +1 6838
  1  42 -1 6838
  2  49 +1 6880
  3  48 -1 6880
 62  11 +1 6930
 62  12 -1 6930
 21  42 -1 6952
 22  42 +1 6952
  8   2 -1 6966
  8   3 +1 6966
 47  21 -1 7092
 47  22 +1 7092
 37  32 -1 7150
 37  33 +1 7150
 47  54 -1 7154
 47  55 +1 7154
 12   1 +1 7160
 39  24 -1 7174
 40  24 +1 7174
 40  33 -1 7193
 40  34 +1 7193
 35  41 +1 7259
 35  42 -1 7259
 56  38 -1 7310
 57  38 +1 7310
 55  49 -1 7322
 55  50 +1 7322
 32  54 -1 7323
 32  55 +1 7323
 38   9 -1 7388
 38  10 +1 7388
 10  39 -1 7425
 10  40 +1 7425
 44  21 +1 7477
 45  21 -1 7477
 20  48 +1 7530
 20  49 -1 7530
 20  52 +1 7534
 21  52 -1 7534
 24  33 -1 7542
 25  11 +1 7542
 25  34 +1 7542
 26  11 -1 7542
 20  16 -1 7547
 20  17 +1 7547
 46  38 -1 7577
 47  38 +1 7577
 62  51 +1 7580
 63  51 -1 7580
 39  40 +1 7621
 39  41 -1 7621
 59   3 -1 7641
 60   3 +1 7641
 32  41 -1 7722
 32  42 +1 7722
 24   1 +1 7746
 24   2 -1 7746
 49  59 +1 7784
 49  60 -1 7784
  1   7 +1 7850
  2   7 -1 7850
 34  13 -1 7860
 34  14 +1 7860
 58  62 -1 7902
 58  63 +1 7902
  9  23 -1 7973
  9  24 +1 7973
 10  23 +1 7973
 10  24 -1 7973
 62  39 -1 8078
 63  39 +1 8078
 48  62 +1 8097
 48  63 -1 8097
  1  25 +1 8201
 45  22 -1 8216
 45  23 +1 8216
 21  51 +1 8236
 22  52 -1 8236
 15  13 -1 8303
 16  13 +1 8303
 27   1 +1 8349
 53  58 -1 8389
 53  59 +1 8389
 56  51 +1 8550
 56  52 -1 8550
  4  38 -1 8553
  5  38 +1 8553
 27  55 +1 8557
 27  56 -1 8557
 24  24 +1 8568
 25  24 -1 8568
 32  28 -1 8590
 33  28 +1 8590
 57  25 +1 8606
 57  26 -1 8606
 36  38 -1 8672
 37  38 +1 8672
 12  37 -1 8687
 13  36 +1 8687
 55   1 +1 8712
 55   2 -1 8712
  1  42 -1 8756
  2  42 +1 8756
 11  19 +1 8766
 11  20 -1 8766
 32  26 +1 8787
 33  26 -1 8787
 29  40 -1 8859
 29  41 +1 8859
 14  14 +1 8863
 15  14 -1 8863
 26  54 -1 8916
 27  55 +1 8916
 26  59 -1 8951
 26  60 +1 8951
 57  39 -1 8988
 58  39 +1 8988
 15  42 +1 9031
 15  43 -1 9031
 58  36 -1 9052
 59  36 +1 9052
 49  17 -1 9062
 50  17 +1 9062
 60  51 +1 9062
 61  51 -1 9062
 52  56 +1 9127
 53  56 -1 9127
 48   3 -1 9145
 48   4 +1 9145
 58  45 +1 9201
 58  46 -1 9201
 14   9 -1 9209
 14  10 +1 9209
  6  56 +1 9239
  6  57 -1 9239
 25  24 +1 9287
 26  24 -1 9287
 40  45 +1 9291
 41  45 -1 9291
 37  51 +1 9350
 38  51 -1 9350
 53   6 +1 9360
 54   6 -1 9360
 51  40 +1 9366
 52  40 -1 9366
 12  45 +1 9430
 13  45 -1 9430
 63  48 -1 9447
 29  30 +1 9505
 30  30 -1 9505
 18  13 +1 9530
 18  14 -1 9530
  9   3 -1 9542
  9   4 +1 9542
 47  37 -1 9542
 47  38 +1 9542
 45  51 +1 9622
 45  52 -1 9622
 21   3 -1 9665
 22   3 +1 9665
 34  48 +1 9672
 34  49 -1 9672
 63   9 +1 9798
 63  10 -1 9798
 18  46 +1 9820
 18  47 -1 9820
 55  55 -1 9831
 55  56 +1 9831
 39  43 -1 9867
 39  44 +1 9867
 63  32 +1 9896
 36  18 +1 9961
 36  19 -1 9961
 24  28 +1 9997
 25  28 -1 9997
 30  48 +1 10032
 31  48 -1 10032
 44  13 +1 10048
 45  13 -1 10048
 19  60 +1 10051
 20  60 -1 10051
 49  22 +1 10082
 49  23 -1 10082
 11  26 -1 10099
 11  27 +1 10099
 62  60 +1 10107
 63  60 -1 10107
 14   7 -1 10127
 15   7 +1 10127
 26  45 -1 10167
 26  46 +1 10167
 30  16 +1 10173
 30  17 -1 10173
 24   3 -1 10190
 25   3 +1 10190
 25  55 +1 10221
 25  56 -1 10221
 26  55 -1 10221
 26  56 +1 10221
 48  38 +1 10234
 49  38 -1 10234
 15  60 -1 10267
 16  60 +1 10267
 16  12 +1 10357
 17  12 -1 10357
 28  51 +1 10362
 29  51 -1 10362
 44  61 -1 10417
 45  62 +1 10417
 33  61 -1 10483
 34  61 +1 10483
 58  57 +1 10483
 59  56 -1 10483
 27  16 -1 10569
 27  17 +1 10569
 30   7 -1 10609
 31   7 +1 10609
 19  29 -1 10659
 20  29 +1 10659
 51  27 -1 10726
 52  27 +1 10726
 60  45 -1 10738
 61  45 +1 10738
 16  15 +1 10746
 16  16 -1 10746
 24  48 -1 10757
 25  48 +1 10757
 48  35 +1 10772
 49  35 -1 10772
 24   5 -1 10832
 25   5 +1 10832
 34  58 -1 11004
 35  58 +1 11004
 10  44 -1 11035
 10  45 +1 11035
