# Block   <r> (block average)   <r> (cumulative average)
1                 5.01581117           5.01581117
2                 5.00080196           5.00830657
3                 4.99445092           5.00368802
4                 4.90445875           4.97888070
5                 4.92809287           4.96872314
6                 5.02629610           4.97831863
7                 5.02180049           4.98453033
8                 4.97134579           4.98288226
9                 4.98287197           4.98288112
10                4.91456892           4.97604990
11                4.93864146           4.97264913
12                4.79350520           4.95772047
13                5.01645784           4.96223873
14                5.15317475           4.97587701
15                4.98547234           4.97651670
16                5.08601710           4.98336048
17                5.06403197           4.98810586
18                4.83960574           4.97985585
19                4.99895204           4.98086092
20                4.85783119           4.97470943
21                4.95993676           4.97400597
22                4.98249838           4.97439199
23                4.96432106           4.97395412
24                5.03193830           4.97637013
25                4.91843416           4.97405269
26                4.95844013           4.97345221
27                4.92373630           4.97161088
28                5.07654805           4.97535863
29                5.16435917           4.98187589
30                4.78449899           4.97529666
31                4.99651934           4.97598126
32                5.16911381           4.98201666
33                5.09569086           4.98546133
34                4.98381058           4.98541278
35                4.99906328           4.98580279
36                4.96235764           4.98515154
37                4.96656022           4.98464907
38                4.99723173           4.98498019
39                5.02086520           4.98590032
40                4.99720577           4.98618296
41                4.99323892           4.98635505
42                4.95171836           4.98553037
43                4.99499592           4.98575050
44                5.03199682           4.98680155
45                5.02836626           4.98772521
46                5.07221148           4.98956187
47                4.92737314           4.98823871
48                5.09640106           4.99049209
49                5.10976588           4.99292625
50                4.92684978           4.99160472
51                5.08626370           4.99346078
52                5.12514555           4.99599318
53                5.03828486           4.99679113
54                5.18099545           5.00020232
55                4.95353799           4.99935388
56                5.08065484           5.00080568
57                5.08439000           5.00227208
58                5.11486660           5.00421336
59                4.88238031           5.00214839
60                5.06030749           5.00311771
61                4.99973275           5.00306222
62                4.93981461           5.00204210
63                5.02971758           5.00248139
64                4.87275625           5.00045444
65                4.97286424           5.00002997
66                5.08926965           5.00138209
67                4.96682180           5.00086626
68                5.13078765           5.00277687
69                4.96934348           5.00229233
70                4.90956685           5.00096768
71                5.04460400           5.00158228
72                5.03593147           5.00205935
73                4.97046676           5.00162657
74                5.00420637           5.00166144
75                5.16110056           5.00378729
76                4.96690314           5.00330197
77                4.95246422           5.00264174
78                5.12260438           5.00417972
79                5.05603928           5.00483617
80                5.08234587           5.00580505
81                4.90405713           5.00454890
82                5.01332250           5.00465589
83                5.02815735           5.00493904
84                4.90001063           5.00368990
85                5.02895481           5.00398713
86                5.01598884           5.00412669
87                4.97156359           5.00375240
88                5.08953540           5.00472720
89                4.87374843           5.00325553
90                4.79045373           5.00089107
91                4.99788234           5.00085800
92                4.99978137           5.00084630
93                4.92819062           5.00006506
94                4.89567659           4.99895454
95                4.95735201           4.99851662
96                5.13199920           4.99990706
97                5.05907351           5.00051703
98                4.93146621           4.99981243
99                5.08048244           5.00062728
100               5.01850245           5.00080603
101               5.00032594           5.00080127
102               4.96925654           5.00049201
103               5.01042816           5.00058848
104               5.00482915           5.00062926
105               5.00694239           5.00068938
106               4.98459747           5.00053757
107               4.96561674           5.00021121
108               5.04328169           5.00061001
109               4.91397000           4.99981515
110               5.07751432           5.00052150
111               4.78188282           4.99855178
112               4.82225656           4.99697772
113               4.90965837           4.99620498
114               4.90654521           4.99541849
115               4.92655017           4.99481964
116               5.07686387           4.99552692
117               4.95095634           4.99514597
118               4.95176206           4.99477831
119               4.94777223           4.99438330
120               4.98257917           4.99428493
121               5.17494442           4.99577799
122               4.89862888           4.99498168
123               5.17196147           4.99642054
124               5.18263639           4.99792228
125               5.06415220           4.99845212
126               4.92414074           4.99786235
127               4.94432320           4.99744078
128               5.01008582           4.99753957
129               5.12735481           4.99854589
130               4.79198842           4.99695699
131               5.04763546           4.99734385
132               4.99418921           4.99731995
133               5.11044468           4.99817051
134               5.10994803           4.99900467
135               5.09489737           4.99971499
136               5.03262011           4.99995694
137               4.87418960           4.99903893
138               4.93662689           4.99858666
139               5.07591817           4.99914301
140               5.10644841           4.99990947
141               5.25580231           5.00172432
142               4.95618187           5.00140360
143               4.94730465           5.00102528
144               4.94513697           5.00063717
145               4.96995954           5.00042560
146               4.98107020           5.00029303
147               5.04778979           5.00061613
148               5.09640909           5.00126338
149               5.11222725           5.00200811
150               4.96825351           5.00178308
151               5.14702860           5.00274497
152               5.21794832           5.00416078
153               4.86220964           5.00323299
154               4.97009274           5.00301780
155               4.88852736           5.00227915
156               5.09440886           5.00286972
157               4.83631053           5.00180884
158               5.03803137           5.00203809
159               5.01559873           5.00212338
160               4.91153144           5.00155718
161               4.87684542           5.00078257
162               5.03172785           5.00097359
163               4.90127976           5.00036198
164               4.83754298           4.99936918
165               4.93931014           4.99900518
166               4.96562724           4.99880411
167               5.10925915           4.99946552
168               5.06544563           4.99985826
169               5.15111399           5.00075326
170               4.86071398           4.99992950
171               4.93188963           4.99953161
172               4.98954244           4.99947353
173               4.89111775           4.99884720
174               5.05683636           4.99918047
175               5.03902865           4.99940817
176               5.00333836           4.99943050
177               5.09075637           4.99994647
178               4.91580754           4.99947378
179               4.93997418           4.99914138
180               5.09701686           4.99968513
181               4.92870681           4.99929298
182               5.02478582           4.99943305
183               4.96908058           4.99926719
184               4.99487297           4.99924331
185               5.02826125           4.99940017
186               5.02988221           4.99956405
187               4.90399753           4.99905300
188               4.79101853           4.99794643
189               4.91636809           4.99751480
190               4.76081817           4.99626903
191               4.98502762           4.99621017
192               5.08249230           4.99665956
193               5.16593423           4.99753663
194               5.02923752           4.99770004
195               4.97575430           4.99758749
196               4.96540503           4.99742330
197               5.21950345           4.99855061
198               5.15222846           4.99932676
199               5.14186665           5.00004304
200               4.96493581           4.99986750
