  3010     0.00139727 1.51254951e-02
  3020     0.00122814 1.17968150e-02
  3030     0.00119330 1.04910724e-02
  3040     0.00128078 9.60564367e-03
  3050     0.00139720 1.02577967e-02
  3060     0.00137241 9.79577916e-03
  3070     0.00130953 9.59856062e-03
  3080     0.00127613 9.21804510e-03
  3090     0.00127438 9.12805253e-03
  3100     0.00120179 8.89041745e-03
  3110     0.00119103 8.81404407e-03
  3120     0.00118686 8.62859496e-03
  3130     0.00116627 8.46279510e-03
  3140     0.00121723 8.68013876e-03
  3150     0.00121859 8.55080736e-03
  3160     0.00119101 8.33836298e-03
  3170     0.00118416 8.13587842e-03
  3180     0.00118853 8.02090288e-03
  3190     0.00116701 7.92062723e-03
  3200     0.00117210 7.76634968e-03
  3210     0.00115790 7.61217731e-03
  3220     0.00118273 7.59126936e-03
  3230     0.00117309 7.48334786e-03
  3240     0.00115106 7.37544319e-03
  3250     0.00115065 7.27225659e-03
  3260     0.00115708 7.15195056e-03
  3270     0.00114401 7.05760775e-03
  3280     0.00113778 6.95927087e-03
  3290     0.00115753 6.97381279e-03
  3300     0.00114156 6.88737726e-03
  3310     0.00114287 6.78519638e-03
  3320     0.00113638 6.71922556e-03
  3330     0.00113209 6.64679036e-03
  3340     0.00112565 6.57332440e-03
  3350     0.00111814 6.50107038e-03
  3360     0.00112323 6.46401013e-03
  3370     0.00113611 6.53699026e-03
  3380     0.00112734 6.46548767e-03
  3390     0.00111946 6.41534657e-03
  3400     0.00111682 6.34754189e-03
  3410     0.00113572 6.35409574e-03
  3420     0.00113150 6.31546164e-03
  3430     0.00112755 6.25221267e-03
  3440     0.00112411 6.22236421e-03
  3450     0.00112782 6.20524460e-03
  3460     0.00112950 6.15427670e-03
  3470     0.00113288 6.10823717e-03
  3480     0.00113106 6.08974556e-03
  3490     0.00112732 6.03847443e-03
  3500     0.00113146 6.00860496e-03
  3510     0.00112725 5.96334048e-03
  3520     0.00113269 5.93384425e-03
  3530     0.00112995 5.90602691e-03
  3540     0.00112396 5.86379712e-03
  3550     0.00112439 5.83204974e-03
  3560     0.00112081 5.80147749e-03
  3570     0.00111491 5.76210417e-03
  3580     0.00110655 5.72670528e-03
  3590     0.00111036 5.70795614e-03
  3600     0.00111503 5.69721005e-03
  3610     0.00111537 5.67210638e-03
  3620     0.00111571 5.64795831e-03
  3630     0.00111626 5.61274217e-03
  3640     0.00111565 5.58001273e-03
  3650     0.00111967 5.58684993e-03
  3660     0.00112524 5.55434673e-03
  3670     0.00112122 5.53140745e-03
  3680     0.00112625 5.50203752e-03
  3690     0.00112705 5.47231357e-03
  3700     0.00112673 5.45448585e-03
  3710     0.00112113 5.42403273e-03
  3720     0.00112138 5.39615603e-03
  3730     0.00111889 5.36834062e-03
  3740     0.00111566 5.35212993e-03
  3750     0.00110681 5.33730141e-03
  3760     0.00110783 5.32459593e-03
  3770     0.00111039 5.30226368e-03
  3780     0.00111397 5.28176979e-03
  3790     0.00111792 5.26247710e-03
  3800     0.00111604 5.23762130e-03
  3810     0.00111450 5.21391893e-03
  3820     0.00112248 5.21352463e-03
  3830     0.00111943 5.19097324e-03
  3840     0.00112382 5.17602479e-03
  3850     0.00113220 5.17988092e-03
  3860     0.00113294 5.16436406e-03
  3870     0.00114095 5.20891773e-03
  3880     0.00114735 5.21452873e-03
  3890     0.00115260 5.21425670e-03
  3900     0.00116164 5.25279497e-03
  3910     0.00116602 5.24397789e-03
  3920     0.00116215 5.22294070e-03
  3930     0.00116324 5.21155894e-03
  3940     0.00116788 5.19830281e-03
  3950     0.00116550 5.18052256e-03
  3960     0.00116381 5.16209357e-03
  3970     0.00116298 5.14009446e-03
  3980     0.00116463 5.12367984e-03
  3990     0.00116509 5.10281487e-03
  4000     0.00116336 5.08799294e-03
  4010     0.00116772 5.10120430e-03
  4020     0.00116635 5.08071313e-03
  4030     0.00116405 5.06245539e-03
  4040     0.00116331 5.06386413e-03
  4050     0.00116748 5.06018562e-03
  4060     0.00116648 5.04187963e-03
  4070     0.00116580 5.03085288e-03
  4080     0.00116883 5.04026980e-03
  4090     0.00116607 5.02189312e-03
  4100     0.00116271 5.00356047e-03
  4110     0.00116237 4.98759916e-03
  4120     0.00116430 4.97668943e-03
  4130     0.00116178 4.96469578e-03
  4140     0.00116860 4.96427922e-03
  4150     0.00117742 4.99880189e-03
  4160     0.00117901 4.98564944e-03
  4170     0.00117775 4.96767630e-03
  4180     0.00118387 4.98741844e-03
  4190     0.00118387 4.97231576e-03
  4200     0.00118145 4.95714626e-03
  4210     0.00118157 4.94757744e-03
  4220     0.00118414 4.94060380e-03
  4230     0.00118525 4.93673476e-03
  4240     0.00118117 4.92300604e-03
  4250     0.00117992 4.90692524e-03
  4260     0.00118040 4.89491194e-03
  4270     0.00117711 4.88535844e-03
  4280     0.00117732 4.86968629e-03
  4290     0.00117967 4.87166443e-03
  4300     0.00117808 4.86078208e-03
  4310     0.00117617 4.84426856e-03
  4320     0.00118454 4.86627644e-03
  4330     0.00118418 4.85573855e-03
  4340     0.00118393 4.84375147e-03
  4350     0.00118178 4.83201310e-03
  4360     0.00118250 4.81912552e-03
  4370     0.00118449 4.81044294e-03
  4380     0.00118077 4.79834948e-03
  4390     0.00118244 4.79452545e-03
  4400     0.00118164 4.78902012e-03
  4410     0.00117884 4.77767512e-03
  4420     0.00117841 4.76563967e-03
  4430     0.00118030 4.75413314e-03
  4440     0.00118088 4.74754708e-03
  4450     0.00118142 4.73579035e-03
  4460     0.00118670 4.73824578e-03
  4470     0.00118923 4.74105467e-03
  4480     0.00118914 4.72531499e-03
  4490     0.00119377 4.74824161e-03
  4500     0.00119301 4.73698221e-03
  4510     0.00119128 4.72509090e-03
  4520     0.00119099 4.71107106e-03
  4530     0.00118869 4.69977612e-03
  4540     0.00119168 4.69979878e-03
  4550     0.00119544 4.69704669e-03
  4560     0.00119406 4.68674393e-03
  4570     0.00119269 4.67500903e-03
  4580     0.00119710 4.66996834e-03
  4590     0.00119392 4.65849885e-03
  4600     0.00119262 4.64733534e-03
  4610     0.00119447 4.64173023e-03
  4620     0.00119208 4.63023866e-03
  4630     0.00119329 4.62528643e-03
  4640     0.00119648 4.61899270e-03
  4650     0.00119791 4.61791129e-03
  4660     0.00119831 4.61448436e-03
  4670     0.00119976 4.60407089e-03
  4680     0.00119699 4.59342827e-03
  4690     0.00119705 4.58375541e-03
  4700     0.00119986 4.58651066e-03
  4710     0.00120052 4.57696347e-03
  4720     0.00119816 4.56703771e-03
  4730     0.00119837 4.55642968e-03
  4740     0.00119807 4.54779750e-03
  4750     0.00119674 4.53946450e-03
  4760     0.00119615 4.53062606e-03
  4770     0.00119595 4.52463042e-03
  4780     0.00119720 4.52133101e-03
  4790     0.00119706 4.51876294e-03
  4800     0.00119705 4.51439298e-03
  4810     0.00119653 4.50791704e-03
  4820     0.00119505 4.50174407e-03
  4830     0.00119307 4.49216075e-03
  4840     0.00119271 4.48455209e-03
  4850     0.00119236 4.47542433e-03
  4860     0.00119228 4.46850900e-03
  4870     0.00119347 4.46253821e-03
  4880     0.00119392 4.45587685e-03
  4890     0.00119190 4.44652174e-03
  4900     0.00118975 4.44015826e-03
  4910     0.00119030 4.43446630e-03
  4920     0.00119146 4.42835843e-03
  4930     0.00119134 4.41942316e-03
  4940     0.00119722 4.43526592e-03
  4950     0.00120327 4.44171426e-03
  4960     0.00120241 4.43423842e-03
  4970     0.00120402 4.42760936e-03
  4980     0.00120203 4.41863489e-03
  4990     0.00120115 4.41125475e-03
  5000     0.00120117 4.40182465e-03
  5010     0.00120203 4.39600876e-03
  5020     0.00120093 4.38734098e-03
  5030     0.00120325 4.38888603e-03
  5040     0.00120350 4.38495637e-03
  5050     0.00120637 4.39058020e-03
  5060     0.00120552 4.38382423e-03
  5070     0.00120569 4.37788411e-03
  5080     0.00120856 4.37593759e-03
  5090     0.00120912 4.36988908e-03
  5100     0.00121397 4.38073502e-03
  5110     0.00121403 4.38047461e-03
  5120     0.00121659 4.37880350e-03
  5130     0.00121730 4.37290420e-03
  5140     0.00121713 4.36491599e-03
  5150     0.00121725 4.36172260e-03
  5160     0.00121639 4.35675147e-03
  5170     0.00121525 4.34936824e-03
  5180     0.00121524 4.34508474e-03
  5190     0.00121489 4.33853443e-03
  5200     0.00121656 4.33268262e-03
  5210     0.00121816 4.33361456e-03
  5220     0.00121599 4.32659677e-03
  5230     0.00121475 4.31958603e-03
  5240     0.00121526 4.31523914e-03
  5250     0.00121467 4.30810040e-03
  5260     0.00121368 4.30148236e-03
  5270     0.00121397 4.29991762e-03
  5280     0.00121602 4.29699485e-03
  5290     0.00121669 4.28969756e-03
  5300     0.00121792 4.28226392e-03
  5310     0.00121751 4.27448465e-03
  5320     0.00121792 4.26799193e-03
  5330     0.00121891 4.26242375e-03
  5340     0.00121681 4.25626423e-03
  5350     0.00121974 4.25206865e-03
  5360     0.00121815 4.24508515e-03
  5370     0.00121698 4.23926358e-03
  5380     0.00121700 4.23231885e-03
  5390     0.00121663 4.22487283e-03
  5400     0.00121607 4.21803405e-03
  5410     0.00121682 4.21106327e-03
  5420     0.00121729 4.20401476e-03
  5430     0.00121459 4.19834500e-03
  5440     0.00121476 4.19222006e-03
  5450     0.00121225 4.18682924e-03
  5460     0.00121415 4.19301361e-03
  5470     0.00121281 4.18706717e-03
  5480     0.00121221 4.18155753e-03
  5490     0.00121087 4.17926031e-03
  5500     0.00120836 4.17514510e-03
  5510     0.00120950 4.17154568e-03
  5520     0.00120937 4.16425739e-03
  5530     0.00121232 4.16213250e-03
  5540     0.00121171 4.15754176e-03
  5550     0.00121344 4.15487869e-03
  5560     0.00121553 4.15907331e-03
  5570     0.00121681 4.15396067e-03
  5580     0.00121600 4.14693990e-03
  5590     0.00121517 4.14180875e-03
  5600     0.00121485 4.14497232e-03
  5610     0.00121432 4.14013357e-03
  5620     0.00121312 4.13380045e-03
  5630     0.00121711 4.14890771e-03
  5640     0.00121460 4.14514280e-03
  5650     0.00121530 4.14559297e-03
  5660     0.00121299 4.14054152e-03
  5670     0.00121243 4.13543315e-03
  5680     0.00121106 4.13039786e-03
  5690     0.00121121 4.12446359e-03
  5700     0.00120813 4.12068107e-03
  5710     0.00120809 4.11761735e-03
  5720     0.00120662 4.11189736e-03
  5730     0.00120683 4.10682585e-03
  5740     0.00120778 4.10345334e-03
  5750     0.00121253 4.10765272e-03
  5760     0.00121292 4.10652076e-03
  5770     0.00121354 4.10124399e-03
  5780     0.00121268 4.09666964e-03
  5790     0.00121066 4.09153134e-03
  5800     0.00121028 4.08832275e-03
  5810     0.00121037 4.08393522e-03
  5820     0.00121167 4.08051782e-03
  5830     0.00121498 4.08123023e-03
  5840     0.00121678 4.08201361e-03
  5850     0.00121653 4.07661127e-03
  5860     0.00121668 4.07380555e-03
  5870     0.00121641 4.06981523e-03
  5880     0.00121698 4.06514447e-03
  5890     0.00121681 4.05868241e-03
  5900     0.00121554 4.05431129e-03
  5910     0.00121394 4.05013856e-03
  5920     0.00121443 4.04823851e-03
  5930     0.00121307 4.04267553e-03
  5940     0.00121300 4.03779506e-03
  5950     0.00121615 4.03782076e-03
  5960     0.00121476 4.03227064e-03
  5970     0.00121421 4.02695414e-03
  5980     0.00121470 4.02443901e-03
  5990     0.00121373 4.01908228e-03
  6000     0.00121309 4.01524663e-03
  6010     0.00121469 4.01142815e-03
  6020     0.00121588 4.01034070e-03
  6030     0.00121454 4.00514331e-03
  6040     0.00121332 4.00050180e-03
  6050     0.00121390 3.99630220e-03
  6060     0.00121460 3.99121211e-03
  6070     0.00121279 3.98701386e-03
  6080     0.00121532 3.98696678e-03
  6090     0.00121697 3.98433345e-03
  6100     0.00121760 3.98058912e-03
  6110     0.00121639 3.97644650e-03
  6120     0.00121734 3.97301085e-03
  6130     0.00121786 3.97212189e-03
  6140     0.00121957 3.97444794e-03
  6150     0.00121924 3.97180059e-03
  6160     0.00122101 3.96877776e-03
  6170     0.00122187 3.96506756e-03
  6180     0.00122033 3.95988600e-03
  6190     0.00121984 3.95686912e-03
  6200     0.00122190 3.95650586e-03
  6210     0.00122235 3.95174066e-03
  6220     0.00122098 3.94691769e-03
  6230     0.00122069 3.94206178e-03
  6240     0.00121958 3.93827179e-03
  6250     0.00122087 3.93890452e-03
  6260     0.00122073 3.93443311e-03
  6270     0.00121998 3.92925675e-03
  6280     0.00122064 3.92551638e-03
  6290     0.00122120 3.92098958e-03
  6300     0.00121964 3.91661013e-03
  6310     0.00122051 3.91215496e-03
  6320     0.00122145 3.91089234e-03
  6330     0.00122039 3.90667835e-03
  6340     0.00122024 3.90566605e-03
  6350     0.00122037 3.90142753e-03
  6360     0.00121992 3.89778916e-03
  6370     0.00121795 3.89440140e-03
  6380     0.00121732 3.88936471e-03
  6390     0.00121718 3.88647238e-03
  6400     0.00121916 3.88503307e-03
  6410     0.00121832 3.88031399e-03
  6420     0.00121785 3.87664086e-03
  6430     0.00121834 3.87571381e-03
  6440     0.00121847 3.87505307e-03
  6450     0.00121809 3.87009165e-03
  6460     0.00121740 3.86671812e-03
  6470     0.00121728 3.86330848e-03
  6480     0.00121643 3.85962369e-03
  6490     0.00121615 3.85487833e-03
  6500     0.00121721 3.85200509e-03
  6510     0.00121740 3.84745800e-03
  6520     0.00121661 3.84490855e-03
  6530     0.00121639 3.84038638e-03
  6540     0.00121496 3.83744974e-03
  6550     0.00121594 3.83760931e-03
  6560     0.00121615 3.83390945e-03
  6570     0.00121553 3.82994116e-03
  6580     0.00121468 3.82674084e-03
  6590     0.00121335 3.82271917e-03
  6600     0.00121302 3.81837475e-03
  6610     0.00121183 3.81439892e-03
  6620     0.00121262 3.81465966e-03
  6630     0.00121539 3.82284215e-03
  6640     0.00121566 3.82195152e-03
  6650     0.00121609 3.81741195e-03
  6660     0.00121515 3.81313930e-03
  6670     0.00121511 3.80851147e-03
  6680     0.00121524 3.80546936e-03
  6690     0.00121538 3.80166333e-03
  6700     0.00121517 3.79807378e-03
  6710     0.00121519 3.79454360e-03
  6720     0.00121463 3.79021174e-03
  6730     0.00121384 3.78667880e-03
  6740     0.00121310 3.78243180e-03
  6750     0.00121430 3.78323830e-03
  6760     0.00121526 3.77982151e-03
  6770     0.00121473 3.77644477e-03
  6780     0.00121237 3.77411645e-03
  6790     0.00121161 3.77119092e-03
  6800     0.00121170 3.77266179e-03
  6810     0.00121126 3.76911858e-03
  6820     0.00121214 3.76655266e-03
  6830     0.00121099 3.76404227e-03
  6840     0.00121059 3.76010529e-03
  6850     0.00121045 3.75617606e-03
  6860     0.00121076 3.75271437e-03
  6870     0.00121398 3.76281193e-03
  6880     0.00121257 3.76296802e-03
  6890     0.00121170 3.76064110e-03
  6900     0.00121173 3.75781962e-03
  6910     0.00121169 3.75673169e-03
  6920     0.00121106 3.75507283e-03
  6930     0.00121164 3.75281295e-03
  6940     0.00121122 3.74894401e-03
  6950     0.00121145 3.74551658e-03
  6960     0.00121086 3.74188131e-03
  6970     0.00121334 3.74263622e-03
  6980     0.00121406 3.74106605e-03
  6990     0.00121432 3.73976732e-03
  7000     0.00121440 3.73660407e-03
  7010     0.00121357 3.73379047e-03
  7020     0.00121308 3.72973858e-03
  7030     0.00121308 3.72651484e-03
  7040     0.00121204 3.72387359e-03
  7050     0.00121206 3.72211909e-03
  7060     0.00121227 3.72125025e-03
  7070     0.00121164 3.71985841e-03
  7080     0.00121306 3.72050498e-03
  7090     0.00121342 3.71905600e-03
  7100     0.00121340 3.71653122e-03
  7110     0.00121399 3.71364727e-03
  7120     0.00121352 3.71098158e-03
  7130     0.00121397 3.71159831e-03
  7140     0.00121354 3.70789418e-03
  7150     0.00121415 3.70519344e-03
  7160     0.00121465 3.70168260e-03
  7170     0.00121589 3.70079068e-03
  7180     0.00121674 3.69809118e-03
  7190     0.00121600 3.69509505e-03
  7200     0.00121451 3.69239525e-03
  7210     0.00121446 3.69099754e-03
  7220     0.00121543 3.68824170e-03
  7230     0.00121626 3.68663618e-03
  7240     0.00121600 3.68365881e-03
  7250     0.00121543 3.68053883e-03
  7260     0.00121405 3.67747527e-03
  7270     0.00121403 3.67412094e-03
  7280     0.00121380 3.67056297e-03
  7290     0.00121306 3.66787487e-03
  7300     0.00121286 3.66589825e-03
  7310     0.00121361 3.66394129e-03
  7320     0.00121356 3.66152865e-03
  7330     0.00121329 3.65793930e-03
  7340     0.00121469 3.65546755e-03
  7350     0.00121423 3.65234106e-03
  7360     0.00121386 3.65141734e-03
  7370     0.00121507 3.65061833e-03
  7380     0.00121461 3.64691843e-03
  7390     0.00121432 3.64446483e-03
  7400     0.00121357 3.64107501e-03
  7410     0.00121411 3.64055895e-03
  7420     0.00121327 3.63737963e-03
  7430     0.00121384 3.63576171e-03
  7440     0.00121369 3.63250071e-03
  7450     0.00121498 3.63281912e-03
  7460     0.00121469 3.62922470e-03
  7470     0.00121515 3.62934365e-03
  7480     0.00121513 3.62657240e-03
  7490     0.00121517 3.62581972e-03
  7500     0.00121600 3.62391813e-03
  7510     0.00121672 3.62205654e-03
  7520     0.00121715 3.62009341e-03
  7530     0.00121622 3.61778626e-03
  7540     0.00121680 3.61527003e-03
  7550     0.00121664 3.61305343e-03
  7560     0.00121643 3.61082501e-03
  7570     0.00121587 3.60823120e-03
  7580     0.00121553 3.60642366e-03
  7590     0.00121559 3.60563967e-03
  7600     0.00121431 3.60283999e-03
  7610     0.00121430 3.60027528e-03
  7620     0.00121493 3.59973470e-03
  7630     0.00121557 3.59706631e-03
  7640     0.00121521 3.59392590e-03
  7650     0.00121566 3.59166279e-03
  7660     0.00121536 3.58941749e-03
  7670     0.00121511 3.58664581e-03
  7680     0.00121478 3.58434106e-03
  7690     0.00121471 3.58128429e-03
  7700     0.00121619 3.58071056e-03
  7710     0.00121580 3.57862522e-03
  7720     0.00121525 3.57563006e-03
  7730     0.00121450 3.57242916e-03
  7740     0.00121484 3.57047883e-03
  7750     0.00121654 3.57238908e-03
  7760     0.00121691 3.56977396e-03
  7770     0.00121828 3.57006224e-03
  7780     0.00121866 3.56951039e-03
  7790     0.00121871 3.56702868e-03
  7800     0.00121880 3.56373205e-03
  7810     0.00121791 3.56070599e-03
  7820     0.00122063 3.56767555e-03
  7830     0.00122235 3.57146347e-03
  7840     0.00122273 3.57159159e-03
  7850     0.00122471 3.57799571e-03
  7860     0.00122557 3.57709604e-03
  7870     0.00122513 3.57424883e-03
  7880     0.00122411 3.57150186e-03
  7890     0.00122490 3.57086774e-03
  7900     0.00122431 3.56826661e-03
  7910     0.00122518 3.57224831e-03
  7920     0.00122568 3.57033974e-03
  7930     0.00122593 3.56879114e-03
  7940     0.00122580 3.56604090e-03
  7950     0.00122655 3.56486814e-03
  7960     0.00122552 3.56244942e-03
  7970     0.00122601 3.56040444e-03
  7980     0.00122555 3.55778775e-03
  7990     0.00122581 3.55504059e-03
  8000     0.00122667 3.55514264e-03
